acc max

0.791692119731216	0.806353084911423	0.800855222968846	0.817959682345754	0.794135613927917	0.782529016493586	0.800855222968846	0.815516188149053
0.910201588271228	0.911423335369579	0.913255956017104	0.912645082467929	0.924862553451436	0.785583384239462	0.913866829566280	0.920586438607208
0.736713500305437	0.803298717165547	0.783750763591937	0.811240073304826	0.806963958460599	0.794135613927917	0.758704948075748	0.811850946854001
0.745876603543067	0.809407452657300	0.842394624312767	0.918753817959682	0.911423335369579	0.911423335369579	0.908979841172877	0.915699450213806
0.695174098961515	0.791692119731216	0.778863775198534	0.816127061698229	0.782529016493586	0.782529016493586	0.764202810018326	0.793524740378742
0.753207086133170	0.804520464263897	0.822235797189982	0.828955406230910	0.806963958460599	0.792302993280391	0.790470372632865	0.783139890042761

acc mean

0.687965791081246	0.757299938912645	0.759682345754429	0.788943188759927	0.756627978008552	0.746548564447160	0.772327428222358	0.757788637751985
0.873732437385461	0.894990836896762	0.902138057422114	0.889615149664020	0.900916310323763	0.740867440439829	0.893341478313989	0.890226023213195
0.580268784361637	0.752474037874160	0.742638973732438	0.794563225412340	0.763042150274893	0.761026267562615	0.738240684178375	0.770678069639585
0.695784972510690	0.763897373243739	0.769945021380574	0.908063530849114	0.901282834453268	0.895479535736103	0.899511301160660	0.904276114844227
0.503787416004887	0.748320097739768	0.733292608430055	0.778680513133781	0.732803909590715	0.751374465485645	0.708613317043372	0.773732437385461
0.676725717776420	0.754428833231521	0.742822235797190	0.793585827733659	0.746548564447159	0.733964569334148	0.741600488698839	0.738423946243128

acc median

0.696395846059866	0.759621258399511	0.761453879047037	0.791692119731216	0.759926695174099	0.745876603543067	0.786805131337813	0.769395235186317
0.886988393402566	0.895235186316433	0.902565668906536	0.892486255345144	0.900122174709835	0.734575442883323	0.893402565668907	0.892791692119731
0.565058032987172	0.748930971288943	0.743738546120953	0.796579108124618	0.764813683567502	0.757483200977398	0.742516799022602	0.770922419059255
0.690592547342700	0.787416004886988	0.753512522907758	0.911423335369578	0.902871105681124	0.894624312767257	0.901649358582773	0.902565668906536
0.458155161881491	0.739462431276726	0.729688454489921	0.789248625534514	0.755039706780696	0.750763591936469	0.720219914477703	0.773671350030544
0.695174098961515	0.749847281612706	0.743433109346365	0.793219303604154	0.751679902260232	0.748930971288943	0.746182040317654	0.736102626756261

acc std

0.0595843052322101	0.0404829403332242	0.0290979362676629	0.0193180543677124	0.0272007601387931	0.0271492652465962	0.0330964075440405	0.0454673528727928
0.0425853305351243	0.00933324693600538	0.0108354266788322	0.0157096017471046	0.0102170008807944	0.0296758544695207	0.0163108194705630	0.0226582946156131
0.137669284144058	0.0238888964076622	0.0239257507025848	0.0128559495870994	0.0284206871741972	0.0183867413522590	0.0175288660246291	0.0211342237721903
0.0354119368085170	0.0551106283372181	0.0374006744995823	0.00909383533836800	0.00896503039711183	0.0100848626437017	0.00898374197452892	0.00810952371993328
0.130785302028755	0.0289419140372261	0.0283326520950765	0.0456582744792816	0.0790924384718938	0.0265806049636827	0.0450999574828984	0.0155801366314775
0.0801162464647998	0.0269723712293766	0.0355136568200177	0.0247727447621556	0.0450286049350313	0.0610223301514013	0.0277288446842585	0.0325401916161336

fsc

0.688467763393853	0.717396933596273	0.706585945049587	0.742276736134560	0.706949001349630	0.682981131865093	0.714625797505415	0.732305619140738
0.864284420048199	0.865392515820396	0.867199390191031	0.867077963525835	0.886399283068296	0.685961524102655	0.868120984037596	0.879811478491890
0.597411788744138	0.711594049757817	0.680815530988325	0.732338412609194	0.722722272617047	0.690370307465194	0.636681794814232	0.731981420704618
0.614104830642050	0.723170568788363	0.762887848026711	0.876527341393478	0.865855546305677	0.866938521069958	0.861564349178085	0.870694134636997
0.536305309604476	0.710876666443364	0.672056447670943	0.733202117497061	0.677625597958470	0.678270859808659	0.645258180935708	0.702930176681072
0.618858308119082	0.724751303717709	0.746554192080526	0.748389179769511	0.719920582126157	0.692628849786022	0.694058426566789	0.679119324410603

mcc

0.770587601339755	0.805542865862022	0.788835878180296	0.817238113956166	0.793935506682921	0.772522401073979	0.813116534287921	0.801371655696824
0.891707802687517	0.901529015821123	0.892186286126248	0.891483020504936	0.901130596916049	0.776974784094231	0.896673449071776	0.899817569945779
0.620516527243157	0.782372438403222	0.766532557086505	0.816020485864249	0.803556914328532	0.777216108963151	0.726024992316869	0.816767320409039
0.623954917594869	0.801545017205389	0.828418680369348	0.896991416133971	0.894968862766636	0.897707655936346	0.886195000583678	0.900036692900363
0.568949203535093	0.799863344077229	0.759521732182806	0.813500022080816	0.764434839718669	0.770471521730137	0.730946005126605	0.795905955564510
0.625295597992196	0.808483554267752	0.828712662616351	0.819117845120816	0.805645750779406	0.770799276260081	0.779644835495664	0.759788759499219

hp best

0.000976562500000000	64	0.0625000000000000	128	0.200000000000000	16	64	2.20000000000000	64	0.125000000000000	0.0156250000000000	32	128
0.00390625000000000	4	0.250000000000000	4	0.400000000000000	16	4	2.60000000000000	64	0.000976562500000000	0.0312500000000000	0.500000000000000	4
0.000976562500000000	64	0.00390625000000000	128	0.600000000000000	64	1	0.400000000000000	64	0.00390625000000000	0.500000000000000	0.0312500000000000	64
0.000976562500000000	64	0.00195312500000000	16	0.200000000000000	4	4	0.800000000000000	8	0.125000000000000	-0.250000000000000	0.125000000000000	2
64	32	0.000976562500000000	0.250000000000000	2.20000000000000	32	64	0.800000000000000	64	0.000976562500000000	-0.500000000000000	16	32
256	32	0.0312500000000000	512	0.400000000000000	4	2	2.80000000000000	64	0.000976562500000000	1	0.0156250000000000	64
