acc max

0.752596212583995	0.814294441050703	0.819792302993280	0.838729383017715	0.812461820403177	0.809407452657300	0.822846670739157	0.804520464263897
0.918753817959682	0.920586438607208	0.920586438607208	0.924251679902260	0.924251679902260	0.811850946854001	0.921197312156384	0.928527794746488
0.756872327428222	0.821014050091631	0.807574832009774	0.817348808796579	0.833842394624313	0.817959682345754	0.759315821624924	0.812461820403177
0.761148442272450	0.750763591936469	0.766646304215027	0.917532070861332	0.916921197312156	0.926084300549786	0.926084300549786	0.919364691508858
0.740989615149664	0.750152718387294	0.737324373854612	0.748320097739768	0.747709224190593	0.761148442272450	0.747709224190593	0.745876603543067
0.761148442272450	0.796579108124618	0.752596212583995	0.791081246182040	0.758094074526573	0.766646304215027	0.755039706780696	0.766035430665852

acc mean

0.695015271838729	0.780781918142944	0.782498472816127	0.792186927306048	0.765638362858888	0.765846059865608	0.791240073304826	0.762083078802688
0.860384850335981	0.899260843005498	0.896554673182651	0.896786805131338	0.900421502748931	0.761484422724496	0.880671960904093	0.899248625534515
0.635784972510690	0.763738546120953	0.775113011606597	0.780598656078192	0.721380574221136	0.763359804520464	0.723787416004887	0.762822235797190
0.694618204031765	0.696585216860110	0.690794135613928	0.894410507025046	0.895522296884545	0.893708002443494	0.894074526573000	0.894373854612095
0.489981673793525	0.469236408063531	0.471435552840562	0.496780696395846	0.477055589492975	0.494905314599878	0.472248014660965	0.480690287110568
0.657214416615761	0.630158827122786	0.652174709835064	0.635565058032987	0.642938301771533	0.656108735491753	0.632394624312767	0.641307269395235

acc median

0.705253512522908	0.787416004886988	0.786805131337813	0.793219303604154	0.764508246792914	0.769700671960904	0.793524740378742	0.768478924862553
0.871411117898595	0.900733048259010	0.897067806963958	0.898900427611485	0.900427611484423	0.767257177764203	0.882406841783751	0.900733048259010
0.689981673793525	0.761453879047037	0.787721441661576	0.783750763591937	0.751069028711057	0.765729993891265	0.731826511912034	0.767257177764203
0.705253512522908	0.700977397678681	0.698839340256567	0.894318875992670	0.896762370189371	0.894929749541845	0.893402565668907	0.894318875992670
0.456017104459377	0.448381185094685	0.453268173488088	0.453573610262676	0.451130116065974	0.459376908979841	0.451740989615150	0.451435552840562
0.700061087354918	0.693646915088577	0.703420891875382	0.693341478313989	0.697617593158216	0.699450213805742	0.684483811850947	0.698533903481979

acc std

0.0403390226127663	0.0271617675358786	0.0236813848207076	0.0171233338147799	0.0218879134611538	0.0218124095416441	0.0223286852769313	0.0253066193059907
0.0407351179318748	0.0110960823151282	0.0118660135059622	0.0162948013024192	0.0111243773643546	0.0311348084190441	0.0252452925592020	0.0111770301202718
0.111002431531347	0.0315183724645742	0.0323206604582745	0.0225833384114359	0.0805042437371885	0.0288889600107975	0.0242762660459296	0.0255439955871203
0.0380076933169652	0.0366500161704597	0.0417267286541849	0.0116347767509640	0.0120945093611681	0.0125074344743523	0.0127341196538070	0.0128941685114232
0.107593807855142	0.0979308654620872	0.0876700392123031	0.112822143855293	0.0928602819393178	0.105095134474051	0.106511752068372	0.107761605116556
0.0975395642144620	0.117425070054815	0.106754020913843	0.112422065319880	0.110870663479708	0.0986067787690996	0.112768408196254	0.108589049025283

fsc

0.615078813773007	0.727213885669572	0.735870692978263	0.765576058272989	0.729616521451279	0.725601969454497	0.746657386462741	0.722511941978175
0.878912039122521	0.880072076078439	0.878480627724398	0.885285597425229	0.885348022533982	0.729517534784048	0.880519727810848	0.891770218540935
0.629433946826506	0.734607238911254	0.717694463869197	0.741748471583040	0.756997666141421	0.732601886457390	0.639809354000500	0.729503286588213
0.633918806929736	0.621913528781885	0.645773718440119	0.873996696432709	0.872408273492620	0.888736568884098	0.889486802378404	0.876268120314631
0.610256373077597	0.618733543999355	0.605208847249126	0.615187965618426	0.609711191538896	0.636440970644076	0.614596423368875	0.618674959776123
0.633025093315852	0.714410752714340	0.622603647953198	0.688189282709586	0.632677105092414	0.636315133184429	0.626665495414065	0.636596309523310

mcc

0.621621764569682	0.806355955305273	0.811650119620813	0.831617847294378	0.804744054536503	0.812854936026389	0.825826949431338	0.806464567646707
0.911642863864357	0.904389931303144	0.902094008393927	0.902720510115680	0.909541219692964	0.807653880263439	0.903160947569341	0.912656512465275
0.630895947586805	0.804635681099312	0.800624674543701	0.825080199292658	0.821944191285285	0.802489425266516	0.730785885470508	0.810968671847910
0.631393767201819	0.624337889347705	0.639070025511507	0.903806202364179	0.907886651261249	0.917837184085204	0.911405017328580	0.894018359688617
0.628076603368139	0.623614953678119	0.621907595324213	0.626340691092352	0.622998585329856	0.636365085327028	0.618010054377086	0.632090810516434
0.629335916491809	0.803275139796845	0.622817678933438	0.648564686910846	0.629686798751292	0.624662479289094	0.631848596668047	0.635072915315203

hp

0.000976562500000000	64	0.0625000000000000	128	0.200000000000000	16	64	2.20000000000000	64	0.125000000000000	0.0156250000000000	32	128
0.00390625000000000	4	0.250000000000000	4	0.400000000000000	16	4	2.60000000000000	64	0.000976562500000000	0.0312500000000000	0.500000000000000	4
0.000976562500000000	64	0.00390625000000000	128	0.600000000000000	64	1	0.400000000000000	64	0.00390625000000000	0.500000000000000	0.0312500000000000	64
0.000976562500000000	64	0.00195312500000000	16	0.200000000000000	4	4	0.800000000000000	8	0.125000000000000	-0.250000000000000	0.125000000000000	2
64	32	0.000976562500000000	0.250000000000000	2.20000000000000	32	64	0.800000000000000	64	0.000976562500000000	-0.500000000000000	16	32
256	32	0.0312500000000000	512	0.400000000000000	4	2	2.80000000000000	64	0.000976562500000000	1	0.0156250000000000	64

