 -2.03243658e-01 3.77167164e+00 1.00000000e+00
 2.08792916e-01 3.50502527e+00 1.00000000e+00
 2.55562526e-02 3.24102187e+00 1.00000000e+00
 -1.24926902e-01 2.71598537e+00 1.00000000e+00
 -1.33107274e-01 3.23864245e+00 1.00000000e+00
 -2.04667214e-01 3.95917178e+00 1.00000000e+00
 2.71780824e-01 3.11019730e+00 1.00000000e+00
 4.26291577e-01 2.70056767e+00 1.00000000e+00
 -5.64505237e-01 3.83280644e+00 1.00000000e+00
 2.81459523e-01 3.05178844e+00 1.00000000e+00
 -1.18896589e-01 3.06612389e+00 1.00000000e+00
 -1.78350698e-01 4.01331076e+00 1.00000000e+00
 5.68829651e-02 3.89727846e+00 1.00000000e+00
 -3.89112979e-01 4.29375144e+00 1.00000000e+00
 6.65699672e-01 3.95699016e+00 1.00000000e+00
 -4.06824196e-01 3.16833832e+00 1.00000000e+00
 2.68907721e-01 3.89586034e+00 1.00000000e+00
 -1.63816226e-01 2.62636513e+00 1.00000000e+00
 4.10694365e-01 4.15448516e+00 1.00000000e+00
 -5.09733913e-01 4.03773499e+00 1.00000000e+00
 -3.53722179e-02 4.04859842e+00 1.00000000e+00
 7.23873038e-01 3.75917321e+00 1.00000000e+00
 -3.94251473e-01 4.42370354e+00 1.00000000e+00
 3.63931501e-02 4.03671405e+00 1.00000000e+00
 -4.01566699e-01 4.33931011e+00 1.00000000e+00
 -2.40680494e-01 4.02775130e+00 1.00000000e+00
 9.28545344e-01 3.78998427e+00 1.00000000e+00
 3.44993222e-02 3.45308090e+00 1.00000000e+00
 5.03054180e-03 4.09761937e+00 1.00000000e+00
 4.76184147e-01 4.38336226e+00 1.00000000e+00
 2.29502172e-01 4.52355410e+00 1.00000000e+00
 4.32531913e-01 4.74757357e+00 1.00000000e+00
 -3.10141533e-02 4.51030337e+00 1.00000000e+00
 2.77414982e-01 3.99056575e+00 1.00000000e+00
 6.42939966e-01 4.08580775e+00 1.00000000e+00
 1.20501121e+00 4.43655227e+00 1.00000000e+00
 6.20821092e-01 3.72568213e+00 1.00000000e+00
 1.10973012e+00 4.42887845e+00 1.00000000e+00
 -1.75838196e-01 4.07108796e+00 1.00000000e+00
 2.85294007e-01 4.26288868e+00 1.00000000e+00
 1.05903239e+00 4.58314874e+00 1.00000000e+00
 5.70631631e-01 3.92091458e+00 1.00000000e+00
 6.62457299e-01 4.23144455e+00 1.00000000e+00
 2.10993009e-01 3.91825933e+00 1.00000000e+00
 1.25551863e+00 4.25427335e+00 1.00000000e+00
 1.13939655e-01 3.47513663e+00 1.00000000e+00
 6.38745525e-01 4.22516568e+00 1.00000000e+00
 5.67680362e-01 3.96875803e+00 1.00000000e+00
 8.21783371e-01 4.65405747e+00 1.00000000e+00
 4.21173061e-01 4.41910829e+00 1.00000000e+00
 3.34890318e-01 5.02494487e+00 1.00000000e+00
 1.12148557e-01 4.51814201e+00 1.00000000e+00
 5.07453709e-01 4.41110775e+00 1.00000000e+00
 3.39115327e-01 4.87295010e+00 1.00000000e+00
 4.83138565e-01 4.28222047e+00 1.00000000e+00
 3.10853844e-01 4.63148448e+00 1.00000000e+00
 1.15359847e+00 4.61836182e+00 1.00000000e+00
 -4.73223783e-01 4.52118075e+00 1.00000000e+00
 2.57445609e-01 4.61573769e+00 1.00000000e+00
 5.17952274e-02 5.37986920e+00 1.00000000e+00
 9.13657293e-01 4.78754583e+00 1.00000000e+00
 5.85124505e-01 4.66749824e+00 1.00000000e+00
 3.30436129e-01 3.79349995e+00 1.00000000e+00
 6.85279649e-01 4.25148471e+00 1.00000000e+00
 9.08468147e-01 4.11286277e+00 1.00000000e+00
 8.42811254e-01 4.79619232e+00 1.00000000e+00
 8.43918528e-01 4.96472561e+00 1.00000000e+00
 9.17559253e-01 4.21220360e+00 1.00000000e+00
 1.05387671e+00 4.59483798e+00 1.00000000e+00
 8.38857106e-01 4.86795076e+00 1.00000000e+00
 1.84647357e-01 4.53464541e+00 1.00000000e+00
 7.12598622e-01 5.07748228e+00 1.00000000e+00
 9.21643507e-01 4.18215631e+00 1.00000000e+00
 1.04202330e+00 4.47075914e+00 1.00000000e+00
 1.08841960e+00 5.33263174e+00 1.00000000e+00
 8.07883248e-01 5.23731779e+00 1.00000000e+00
 6.31446108e-01 4.99245966e+00 1.00000000e+00
 6.09481581e-01 5.24647470e+00 1.00000000e+00
 7.36595251e-01 4.62564278e+00 1.00000000e+00
 7.68924509e-01 5.20060146e+00 1.00000000e+00
 1.30220175e+00 4.90273056e+00 1.00000000e+00
 4.31953797e-01 4.52556127e+00 1.00000000e+00
 2.94832412e-01 4.75538689e+00 1.00000000e+00
 8.06815972e-01 4.60835833e+00 1.00000000e+00
 1.63909389e+00 4.98570248e+00 1.00000000e+00
 1.07201291e+00 5.28435500e+00 1.00000000e+00
 1.39723593e+00 4.49232807e+00 1.00000000e+00
 9.73479077e-01 5.33243092e+00 1.00000000e+00
 5.07127385e-01 4.92408435e+00 1.00000000e+00
 8.86464243e-01 4.73646893e+00 1.00000000e+00
 7.46012950e-01 4.38022110e+00 1.00000000e+00
 5.79773248e-01 5.11633164e+00 1.00000000e+00
 1.16504946e+00 5.05302267e+00 1.00000000e+00
 7.63512037e-01 4.17551902e+00 1.00000000e+00
 1.13056330e+00 4.89842095e+00 1.00000000e+00
 8.97306181e-01 4.44533174e+00 1.00000000e+00
 7.83768317e-01 4.53277227e+00 1.00000000e+00
 8.82939621e-01 5.10498166e+00 1.00000000e+00
 1.56009055e+00 5.17162538e+00 1.00000000e+00
 1.47724754e+00 4.85463899e+00 1.00000000e+00
 1.26304142e+00 5.50762650e+00 1.00000000e+00
 1.33204291e+00 5.00781211e+00 1.00000000e+00
 9.25117481e-01 4.44114772e+00 1.00000000e+00
 8.95129981e-01 5.02518453e+00 1.00000000e+00
 1.07339027e+00 5.62857580e+00 1.00000000e+00
 1.73743596e+00 5.03701745e+00 1.00000000e+00
 1.50467404e+00 5.44013086e+00 1.00000000e+00
 1.60251020e+00 5.43151095e+00 1.00000000e+00
 4.81228537e-01 4.83392248e+00 1.00000000e+00
 1.09545983e+00 4.85221336e+00 1.00000000e+00
 1.04813567e+00 4.97612685e+00 1.00000000e+00
 1.05338113e+00 5.12956411e+00 1.00000000e+00
 7.48594936e-01 5.43319570e+00 1.00000000e+00
 9.32033594e-01 4.77443849e+00 1.00000000e+00
 1.35118316e+00 4.87042996e+00 1.00000000e+00
 9.81537587e-01 4.32421370e+00 1.00000000e+00
 1.46538614e+00 4.64178847e+00 1.00000000e+00
 6.95239652e-01 4.85064161e+00 1.00000000e+00
 1.06886266e+00 4.82804720e+00 1.00000000e+00
 1.26223832e+00 4.58757252e+00 1.00000000e+00
 7.75699170e-01 4.52662568e+00 1.00000000e+00
 1.29212200e+00 4.88565430e+00 1.00000000e+00
 8.54498964e-01 5.05264761e+00 1.00000000e+00
 1.52730299e+00 5.53051539e+00 1.00000000e+00
 1.35387272e+00 5.76192118e+00 1.00000000e+00
 1.74199016e+00 4.96147375e+00 1.00000000e+00
 1.37679474e+00 5.08739372e+00 1.00000000e+00
 2.24899417e+00 5.30769334e+00 1.00000000e+00
 1.56851735e+00 4.67998174e+00 1.00000000e+00
 9.36051836e-01 5.28041661e+00 1.00000000e+00
 1.46870196e+00 4.95084524e+00 1.00000000e+00
 1.80091836e+00 5.79048043e+00 1.00000000e+00
 1.34653979e+00 5.45249366e+00 1.00000000e+00
 1.28390478e+00 5.41301780e+00 1.00000000e+00
 1.17919534e+00 5.40660105e+00 1.00000000e+00
 1.23924060e+00 5.31596131e+00 1.00000000e+00
 1.81431902e+00 5.34997788e+00 1.00000000e+00
 1.56095597e+00 5.60985401e+00 1.00000000e+00
 1.12026196e+00 5.35229396e+00 1.00000000e+00
 1.03569797e+00 5.74492094e+00 1.00000000e+00
 1.83969187e+00 5.49800034e+00 1.00000000e+00
 7.89178337e-01 5.22542063e+00 1.00000000e+00
 1.44018117e+00 5.45617073e+00 1.00000000e+00
 1.19370957e+00 5.42447825e+00 1.00000000e+00
 1.48307694e+00 5.11640138e+00 1.00000000e+00
 1.63166640e+00 5.02774587e+00 1.00000000e+00
 1.83786084e+00 6.02529753e+00 1.00000000e+00
 1.05759447e+00 5.01999321e+00 1.00000000e+00
 1.27691054e+00 4.88873222e+00 1.00000000e+00
 2.45994017e+00 5.66976843e+00 1.00000000e+00
 9.19678419e-01 5.12863274e+00 1.00000000e+00
 1.44002500e+00 5.10261759e+00 1.00000000e+00
 1.78132467e+00 5.53253105e+00 1.00000000e+00
 1.54220422e+00 6.32729833e+00 1.00000000e+00
 1.99356967e+00 5.89111383e+00 1.00000000e+00
 1.78152320e+00 4.86112499e+00 1.00000000e+00
 1.72265412e+00 5.58824878e+00 1.00000000e+00
 1.12654997e+00 4.85143603e+00 1.00000000e+00
 1.02535373e+00 5.51359433e+00 1.00000000e+00
 1.65333467e+00 5.57116059e+00 1.00000000e+00
 1.42253348e+00 5.74472742e+00 1.00000000e+00
 1.73040618e+00 5.16671032e+00 1.00000000e+00
 2.42292886e+00 5.91275735e+00 1.00000000e+00
 1.58532369e+00 5.31218727e+00 1.00000000e+00
 1.01178359e+00 5.23457415e+00 1.00000000e+00
 1.49965163e+00 5.41837993e+00 1.00000000e+00
 1.46684757e+00 5.60210313e+00 1.00000000e+00
 1.48260121e+00 5.50302217e+00 1.00000000e+00
 1.88983395e+00 4.91074105e+00 1.00000000e+00
 1.58511231e+00 5.18332053e+00 1.00000000e+00
 1.17172542e+00 5.71233349e+00 1.00000000e+00
 1.97113086e+00 5.01290481e+00 1.00000000e+00
 1.48678373e+00 5.96673937e+00 1.00000000e+00
 1.07483196e+00 5.56252755e+00 1.00000000e+00
 1.63437058e+00 5.97470476e+00 1.00000000e+00
 1.94332607e+00 5.31031244e+00 1.00000000e+00
 2.13051153e+00 5.69549566e+00 1.00000000e+00
 1.53345249e+00 5.72572346e+00 1.00000000e+00
 2.26583854e+00 5.14637536e+00 1.00000000e+00
 1.15500473e+00 5.22629664e+00 1.00000000e+00
 1.46783620e+00 5.50917943e+00 1.00000000e+00
 1.73437037e+00 5.86994774e+00 1.00000000e+00
 2.10175570e+00 5.58795062e+00 1.00000000e+00
 1.81574329e+00 5.89990555e+00 1.00000000e+00
 1.51759770e+00 5.46526892e+00 1.00000000e+00
 1.73603353e+00 5.09498059e+00 1.00000000e+00
 1.74950523e+00 5.09633632e+00 1.00000000e+00
 1.91457725e+00 5.28465716e+00 1.00000000e+00
 2.20129037e+00 5.26898467e+00 1.00000000e+00
 2.58244353e+00 5.69613669e+00 1.00000000e+00
 1.95367247e+00 5.78681256e+00 1.00000000e+00
 2.37132936e+00 5.06398130e+00 1.00000000e+00
 2.28081338e+00 5.56279713e+00 1.00000000e+00
 1.87326789e+00 5.39681830e+00 1.00000000e+00
 1.99305776e+00 6.20979619e+00 1.00000000e+00
 1.73971847e+00 5.13079435e+00 1.00000000e+00
 2.40360827e+00 6.02653291e+00 1.00000000e+00
 1.67272864e+00 5.68394837e+00 1.00000000e+00
 2.05242586e+00 5.22458380e+00 1.00000000e+00
 2.20709717e+00 5.65434064e+00 1.00000000e+00
 2.31758635e+00 5.03969015e+00 1.00000000e+00
 1.80333114e+00 5.29885750e+00 1.00000000e+00
 1.73096168e+00 4.89423310e+00 1.00000000e+00
 2.21644851e+00 5.20932421e+00 1.00000000e+00
 1.74758773e+00 5.90904149e+00 1.00000000e+00
 2.28669782e+00 6.01759951e+00 1.00000000e+00
 1.97112295e+00 5.72826361e+00 1.00000000e+00
 2.52771440e+00 5.67280188e+00 1.00000000e+00
 2.38849481e+00 5.66301051e+00 1.00000000e+00
 2.01696058e+00 5.18142403e+00 1.00000000e+00
 1.69754737e+00 5.17983585e+00 1.00000000e+00
 2.62588057e+00 5.75290532e+00 1.00000000e+00
 2.67496913e+00 5.38573422e+00 1.00000000e+00
 2.29414564e+00 5.56052572e+00 1.00000000e+00
 2.16948456e+00 5.89830351e+00 1.00000000e+00
 1.46578256e+00 4.90965984e+00 1.00000000e+00
 2.32010656e+00 5.87176962e+00 1.00000000e+00
 1.37084960e+00 5.32491794e+00 1.00000000e+00
 2.09019766e+00 5.38416389e+00 1.00000000e+00
 1.99640809e+00 5.03486894e+00 1.00000000e+00
 2.26763110e+00 5.32817778e+00 1.00000000e+00
 2.45020799e+00 5.69288721e+00 1.00000000e+00
 2.07048362e+00 4.83452765e+00 1.00000000e+00
 2.68338560e+00 5.58079925e+00 1.00000000e+00
 2.00830933e+00 5.96928384e+00 1.00000000e+00
 2.35962835e+00 5.77143426e+00 1.00000000e+00
 2.40243596e+00 4.90787133e+00 1.00000000e+00
 1.89393525e+00 5.78723890e+00 1.00000000e+00
 1.85981323e+00 5.29074154e+00 1.00000000e+00
 2.14651325e+00 5.06634647e+00 1.00000000e+00
 1.93454982e+00 5.59065408e+00 1.00000000e+00
 2.40442702e+00 5.36045641e+00 1.00000000e+00
 2.39043651e+00 5.31870944e+00 1.00000000e+00
 2.01166094e+00 5.84206477e+00 1.00000000e+00
 2.58450420e+00 5.46865744e+00 1.00000000e+00
 2.25464934e+00 6.00084709e+00 1.00000000e+00
 2.14659027e+00 5.69919914e+00 1.00000000e+00
 2.38144470e+00 4.86743251e+00 1.00000000e+00
 2.05119745e+00 5.63917627e+00 1.00000000e+00
 2.33180227e+00 5.48046402e+00 1.00000000e+00
 2.31646471e+00 5.34402270e+00 1.00000000e+00
 2.48428242e+00 5.62939634e+00 1.00000000e+00
 2.63503261e+00 5.32529007e+00 1.00000000e+00
 2.70322784e+00 6.10073383e+00 1.00000000e+00
 1.79184102e+00 5.15142316e+00 1.00000000e+00
 2.55233200e+00 5.43954592e+00 1.00000000e+00
 2.37966547e+00 5.64191476e+00 1.00000000e+00
 2.34541226e+00 5.83874060e+00 1.00000000e+00
 2.30472482e+00 5.71141461e+00 1.00000000e+00
 2.69131145e+00 5.09332424e+00 1.00000000e+00
 2.76597555e+00 5.54725066e+00 1.00000000e+00
 2.91899448e+00 5.44684897e+00 1.00000000e+00
 2.66890806e+00 5.75152533e+00 1.00000000e+00
 2.84103351e+00 5.24158174e+00 1.00000000e+00
 2.27047251e+00 5.25597701e+00 1.00000000e+00
 2.56915943e+00 5.28614577e+00 1.00000000e+00
 2.66008767e+00 4.84331362e+00 1.00000000e+00
 2.41865723e+00 5.81110944e+00 1.00000000e+00
 2.78777348e+00 5.46603580e+00 1.00000000e+00
 2.60205122e+00 5.47029388e+00 1.00000000e+00
 2.91097177e+00 5.57168891e+00 1.00000000e+00
 2.27308193e+00 5.80383407e+00 1.00000000e+00
 2.65891906e+00 5.52812116e+00 1.00000000e+00
 2.37010908e+00 5.53781227e+00 1.00000000e+00
 2.73317730e+00 5.66320993e+00 1.00000000e+00
 2.93892449e+00 4.76300646e+00 1.00000000e+00
 3.29802393e+00 5.44455472e+00 1.00000000e+00
 3.12479207e+00 5.48369639e+00 1.00000000e+00
 2.77221113e+00 5.52845851e+00 1.00000000e+00
 2.09630211e+00 5.21888872e+00 1.00000000e+00
 2.55711626e+00 5.50401633e+00 1.00000000e+00
 2.83558321e+00 5.71271619e+00 1.00000000e+00
 2.41552017e+00 5.58479334e+00 1.00000000e+00
 3.18007080e+00 5.15139699e+00 1.00000000e+00
 1.91251137e+00 5.42439051e+00 1.00000000e+00
 2.50217894e+00 5.27434164e+00 1.00000000e+00
 2.07680154e+00 5.51709753e+00 1.00000000e+00
 2.40137951e+00 5.17561523e+00 1.00000000e+00
 2.00026049e+00 5.77693640e+00 1.00000000e+00
 2.73552836e+00 5.49201576e+00 1.00000000e+00
 2.85076678e+00 5.95332761e+00 1.00000000e+00
 3.30571115e+00 5.86295504e+00 1.00000000e+00
 2.66354239e+00 5.91416703e+00 1.00000000e+00
 2.85641772e+00 4.96701371e+00 1.00000000e+00
 3.40972460e+00 5.66264635e+00 1.00000000e+00
 2.70511339e+00 5.51285563e+00 1.00000000e+00
 2.71372190e+00 5.53791270e+00 1.00000000e+00
 3.00481480e+00 6.01108842e+00 1.00000000e+00
 2.90690122e+00 5.20805223e+00 1.00000000e+00
 3.07858682e+00 5.74889004e+00 1.00000000e+00
 3.05593209e+00 5.78383373e+00 1.00000000e+00
 2.94191294e+00 5.14252410e+00 1.00000000e+00
 2.93042172e+00 5.24563333e+00 1.00000000e+00
 2.88991012e+00 5.53820211e+00 1.00000000e+00
 2.90255770e+00 5.70408834e+00 1.00000000e+00
 2.99145667e+00 5.26496131e+00 1.00000000e+00
 3.08321403e+00 5.60239200e+00 1.00000000e+00
 3.02837528e+00 5.76204040e+00 1.00000000e+00
 3.10336084e+00 5.57441816e+00 1.00000000e+00
 2.87914995e+00 5.44344979e+00 1.00000000e+00
 2.94563986e+00 5.34606293e+00 1.00000000e+00
 2.60676415e+00 6.09596742e+00 1.00000000e+00
 2.17894289e+00 5.54649864e+00 1.00000000e+00
 3.16576487e+00 5.55795636e+00 1.00000000e+00
 3.25909754e+00 5.39871456e+00 1.00000000e+00
 2.88405053e+00 5.73131767e+00 1.00000000e+00
 2.94542237e+00 5.63955161e+00 1.00000000e+00
 2.91055474e+00 5.59148176e+00 1.00000000e+00
 2.88880076e+00 6.05287245e+00 1.00000000e+00
 3.08344524e+00 5.33248060e+00 1.00000000e+00
 2.95942238e+00 4.46238266e+00 1.00000000e+00
 3.95375383e+00 5.89471161e+00 1.00000000e+00
 2.12902877e+00 5.07536651e+00 1.00000000e+00
 4.03421809e+00 5.80782609e+00 1.00000000e+00
 3.08347986e+00 5.89800653e+00 1.00000000e+00
 3.60792762e+00 5.70026378e+00 1.00000000e+00
 3.30840586e+00 5.78739813e+00 1.00000000e+00
 3.49488100e+00 5.60740627e+00 1.00000000e+00
 3.88662167e+00 5.61367530e+00 1.00000000e+00
 2.56616865e+00 5.21456487e+00 1.00000000e+00
 2.97558860e+00 4.60488350e+00 1.00000000e+00
 3.51275645e+00 5.57620641e+00 1.00000000e+00
 3.42520500e+00 5.35181341e+00 1.00000000e+00
 2.98829223e+00 5.11854921e+00 1.00000000e+00
 3.01668788e+00 5.39500611e+00 1.00000000e+00
 3.74027541e+00 5.73296937e+00 1.00000000e+00
 3.20986845e+00 5.21261970e+00 1.00000000e+00
 2.78373498e+00 5.24849120e+00 1.00000000e+00
 2.73810886e+00 5.17167966e+00 1.00000000e+00
 2.73428705e+00 6.01527379e+00 1.00000000e+00
 3.22864838e+00 4.98331241e+00 1.00000000e+00
 3.74336461e+00 5.47839162e+00 1.00000000e+00
 2.98758205e+00 5.10243233e+00 1.00000000e+00
 3.41814466e+00 5.45188519e+00 1.00000000e+00
 3.66140109e+00 5.81655081e+00 1.00000000e+00
 3.55645554e+00 5.24446358e+00 1.00000000e+00
 3.51571291e+00 5.73051770e+00 1.00000000e+00
 3.36125196e+00 5.80287593e+00 1.00000000e+00
 3.26896597e+00 5.59208204e+00 1.00000000e+00
 3.38281932e+00 5.22022708e+00 1.00000000e+00
 3.03653217e+00 5.54797976e+00 1.00000000e+00
 3.87169363e+00 4.90771444e+00 1.00000000e+00
 3.08893816e+00 5.03857276e+00 1.00000000e+00
 3.07175072e+00 5.54713920e+00 1.00000000e+00
 3.83344590e+00 5.41941566e+00 1.00000000e+00
 3.35077710e+00 5.32230812e+00 1.00000000e+00
 3.25478716e+00 5.18546810e+00 1.00000000e+00
 3.50164418e+00 5.86354580e+00 1.00000000e+00
 3.77820185e+00 5.55731378e+00 1.00000000e+00
 2.88651595e+00 5.02011902e+00 1.00000000e+00
 3.36544195e+00 5.83803702e+00 1.00000000e+00
 3.73788561e+00 4.85738675e+00 1.00000000e+00
 3.79199939e+00 5.28608855e+00 1.00000000e+00
 3.16031530e+00 5.11494087e+00 1.00000000e+00
 3.09480522e+00 5.11059816e+00 1.00000000e+00
 3.59967901e+00 5.19122946e+00 1.00000000e+00
 3.56535399e+00 5.07561466e+00 1.00000000e+00
 2.64977672e+00 4.80138301e+00 1.00000000e+00
 3.35050741e+00 5.63722729e+00 1.00000000e+00
 3.49915599e+00 4.69189925e+00 1.00000000e+00
 3.85151953e+00 5.38040105e+00 1.00000000e+00
 3.82584449e+00 5.36076437e+00 1.00000000e+00
 2.92401881e+00 4.94747139e+00 1.00000000e+00
 4.30534762e+00 5.62944796e+00 1.00000000e+00
 3.80395209e+00 5.38549334e+00 1.00000000e+00
 4.18237705e+00 5.19073358e+00 1.00000000e+00
 3.41760679e+00 5.22676370e+00 1.00000000e+00
 3.21031495e+00 6.02350563e+00 1.00000000e+00
 4.02376385e+00 4.81491556e+00 1.00000000e+00
 4.00099948e+00 5.29036805e+00 1.00000000e+00
 3.53137282e+00 5.70794915e+00 1.00000000e+00
 3.32473161e+00 4.94992631e+00 1.00000000e+00
 3.49431487e+00 5.01800255e+00 1.00000000e+00
 3.43778455e+00 4.91107907e+00 1.00000000e+00
 3.23683886e+00 5.65028928e+00 1.00000000e+00
 3.53236473e+00 5.11488820e+00 1.00000000e+00
 3.91861058e+00 6.06378327e+00 1.00000000e+00
 3.42504107e+00 5.23937277e+00 1.00000000e+00
 4.33825080e+00 5.04422393e+00 1.00000000e+00
 4.35175559e+00 4.46249271e+00 1.00000000e+00
 4.16900704e+00 5.36228212e+00 1.00000000e+00
 3.32561990e+00 5.21418037e+00 1.00000000e+00
 4.05563461e+00 4.73089658e+00 1.00000000e+00
 3.89610631e+00 5.02547285e+00 1.00000000e+00
 3.86516931e+00 4.57706323e+00 1.00000000e+00
 3.84061450e+00 5.25421112e+00 1.00000000e+00
 4.13936160e+00 5.46933765e+00 1.00000000e+00
 3.92941041e+00 5.06163942e+00 1.00000000e+00
 3.81601891e+00 5.40933479e+00 1.00000000e+00
 4.00019033e+00 5.56468584e+00 1.00000000e+00
 4.03563466e+00 5.75916158e+00 1.00000000e+00
 3.86351972e+00 5.53051968e+00 1.00000000e+00
 3.99882960e+00 5.17813168e+00 1.00000000e+00
 3.92005897e+00 4.55316513e+00 1.00000000e+00
 3.93763038e+00 4.89036775e+00 1.00000000e+00
 3.89838956e+00 5.30910280e+00 1.00000000e+00
 4.15840945e+00 4.76792067e+00 1.00000000e+00
 4.42721722e+00 4.85509459e+00 1.00000000e+00
 4.43014749e+00 4.58109858e+00 1.00000000e+00
 4.19387987e+00 5.02631088e+00 1.00000000e+00
 4.23009667e+00 4.71283082e+00 1.00000000e+00
 3.31762368e+00 5.00357759e+00 1.00000000e+00
 4.36733134e+00 5.27279341e+00 1.00000000e+00
 4.38490127e+00 5.13484159e+00 1.00000000e+00
 4.16070355e+00 4.57577090e+00 1.00000000e+00
 3.90726963e+00 5.07636819e+00 1.00000000e+00
 4.82572782e+00 4.82697239e+00 1.00000000e+00
 3.92987255e+00 5.28049761e+00 1.00000000e+00
 4.20154677e+00 4.93005799e+00 1.00000000e+00
 4.23469790e+00 4.81395245e+00 1.00000000e+00
 4.77237129e+00 4.54285860e+00 1.00000000e+00
 3.74260383e+00 4.58067692e+00 1.00000000e+00
 3.72008652e+00 5.22289386e+00 1.00000000e+00
 4.17173293e+00 4.43920691e+00 1.00000000e+00
 3.97870984e+00 4.85511362e+00 1.00000000e+00
 4.42833805e+00 4.43407039e+00 1.00000000e+00
 3.93896158e+00 4.86637278e+00 1.00000000e+00
 4.42940432e+00 5.18199331e+00 1.00000000e+00
 4.63610797e+00 4.70118114e+00 1.00000000e+00
 4.07619992e+00 4.94262003e+00 1.00000000e+00
 3.94716013e+00 5.03490578e+00 1.00000000e+00
 3.97844462e+00 4.54258043e+00 1.00000000e+00
 4.03930633e+00 4.98670465e+00 1.00000000e+00
 4.32170603e+00 5.04165333e+00 1.00000000e+00
 4.72945295e+00 4.71783863e+00 1.00000000e+00
 4.39935748e+00 4.61075970e+00 1.00000000e+00
 3.78300770e+00 4.58506593e+00 1.00000000e+00
 4.83257670e+00 5.36607196e+00 1.00000000e+00
 3.82851885e+00 4.54753217e+00 1.00000000e+00
 4.18293235e+00 4.42676990e+00 1.00000000e+00
 3.66513327e+00 4.91016569e+00 1.00000000e+00
 4.72964049e+00 4.27552982e+00 1.00000000e+00
 4.69432160e+00 4.48661481e+00 1.00000000e+00
 4.18977924e+00 4.03797881e+00 1.00000000e+00
 4.97962391e+00 4.32801324e+00 1.00000000e+00
 4.16661264e+00 4.86587730e+00 1.00000000e+00
 3.84828548e+00 4.40575438e+00 1.00000000e+00
 4.87787951e+00 4.36843973e+00 1.00000000e+00
 4.27625510e+00 4.68976439e+00 1.00000000e+00
 4.35728577e+00 4.69294703e+00 1.00000000e+00
 4.08314607e+00 4.70408591e+00 1.00000000e+00
 4.86365818e+00 4.84812282e+00 1.00000000e+00
 4.06257626e+00 4.65718639e+00 1.00000000e+00
 4.10895317e+00 4.39747021e+00 1.00000000e+00
 4.72964592e+00 4.26359069e+00 1.00000000e+00
 4.28732868e+00 4.14951276e+00 1.00000000e+00
 4.42005647e+00 4.22195852e+00 1.00000000e+00
 4.65691271e+00 4.20443471e+00 1.00000000e+00
 4.52609931e+00 4.25165514e+00 1.00000000e+00
 4.83490595e+00 4.62540878e+00 1.00000000e+00
 4.88680147e+00 4.81150001e+00 1.00000000e+00
 4.24022663e+00 4.97259970e+00 1.00000000e+00
 4.43889475e+00 4.25671288e+00 1.00000000e+00
 3.85809752e+00 4.56426081e+00 1.00000000e+00
 4.51911029e+00 4.47788513e+00 1.00000000e+00
 4.99001893e+00 4.20793373e+00 1.00000000e+00
 4.53050303e+00 4.32671554e+00 1.00000000e+00
 5.46005131e+00 4.14296793e+00 1.00000000e+00
 4.48205248e+00 4.51570994e+00 1.00000000e+00
 4.64570707e+00 4.81762362e+00 1.00000000e+00
 4.51343423e+00 4.04530736e+00 1.00000000e+00
 4.67341689e+00 4.44053533e+00 1.00000000e+00
 4.48979479e+00 4.55892019e+00 1.00000000e+00
 4.17781227e+00 3.91064383e+00 1.00000000e+00
 5.09841803e+00 4.31717898e+00 1.00000000e+00
 4.81593273e+00 4.68996476e+00 1.00000000e+00
 5.41484817e+00 4.26335835e+00 1.00000000e+00
 4.74457223e+00 3.79669480e+00 1.00000000e+00
 4.57107980e+00 4.63616498e+00 1.00000000e+00
 5.00323211e+00 3.58414128e+00 1.00000000e+00
 4.94327641e+00 3.30622141e+00 1.00000000e+00
 5.49880167e+00 3.55241868e+00 1.00000000e+00
 4.83086226e+00 3.61593572e+00 1.00000000e+00
 5.32579162e+00 4.64872930e+00 1.00000000e+00
 4.53775204e+00 4.28941294e+00 1.00000000e+00
 5.88980468e+00 4.25005780e+00 1.00000000e+00
 4.75435237e+00 3.67313792e+00 1.00000000e+00
 4.88006381e+00 3.84638835e+00 1.00000000e+00
 3.85297529e+00 4.01976163e+00 1.00000000e+00
 5.01534400e+00 4.31482224e+00 1.00000000e+00
 4.49111502e+00 3.72086919e+00 1.00000000e+00
 5.35698026e+00 4.12787456e+00 1.00000000e+00
 4.75833831e+00 3.59092857e+00 1.00000000e+00
 4.80255036e+00 3.85554236e+00 1.00000000e+00
 4.66350349e+00 3.77492281e+00 1.00000000e+00
 5.41019284e+00 3.78449816e+00 1.00000000e+00
 5.36606056e+00 3.66953847e+00 1.00000000e+00
 5.16037390e+00 4.13745268e+00 1.00000000e+00
 4.61347041e+00 3.52322310e+00 1.00000000e+00
 5.14164022e+00 3.71710862e+00 1.00000000e+00
 4.96888417e+00 4.06484665e+00 1.00000000e+00
 5.39809698e+00 3.29093891e+00 1.00000000e+00
 4.58975058e+00 4.16826127e+00 1.00000000e+00
 4.71183031e+00 4.08795624e+00 1.00000000e+00
 4.91859666e+00 4.21189897e+00 1.00000000e+00
 4.66194656e+00 3.51673647e+00 1.00000000e+00
 4.88655683e+00 3.54614503e+00 1.00000000e+00
 5.27368138e+00 3.06548628e+00 1.00000000e+00
 5.70755710e+00 3.57569706e+00 1.00000000e+00
 4.81203828e+00 3.34453937e+00 1.00000000e+00
 5.31546233e+00 2.27513187e+00 1.00000000e+00
 2.46111309e+00 3.98326359e+00 -1.00000000e+00
 2.34795308e+00 2.92223669e+00 -1.00000000e+00
 2.58768003e+00 2.77673380e+00 -1.00000000e+00
 2.45372050e+00 4.30009091e+00 -1.00000000e+00
 2.69095482e+00 3.29398794e+00 -1.00000000e+00
 2.31682737e+00 3.37842089e+00 -1.00000000e+00
 2.75256655e+00 2.63329359e+00 -1.00000000e+00
 2.49522651e+00 3.08246032e+00 -1.00000000e+00
 2.84161628e+00 3.49074728e+00 -1.00000000e+00
 2.50637328e+00 3.22239356e+00 -1.00000000e+00
 2.32610902e+00 2.67548073e+00 -1.00000000e+00
 2.76217408e+00 3.18105792e+00 -1.00000000e+00
 2.80733910e+00 3.18100447e+00 -1.00000000e+00
 2.54752469e+00 4.07913541e+00 -1.00000000e+00
 3.09661796e+00 2.80679758e+00 -1.00000000e+00
 2.83587052e+00 3.57264517e+00 -1.00000000e+00
 2.54383062e+00 2.85619857e+00 -1.00000000e+00
 2.58031949e+00 2.46644091e+00 -1.00000000e+00
 2.29740721e+00 3.12496236e+00 -1.00000000e+00
 2.74963691e+00 2.66355559e+00 -1.00000000e+00
 2.36513502e+00 3.17177435e+00 -1.00000000e+00
 2.75166839e+00 3.39061941e+00 -1.00000000e+00
 2.87268421e+00 3.09655721e+00 -1.00000000e+00
 2.64437266e+00 2.51588888e+00 -1.00000000e+00
 2.71267138e+00 2.97480189e+00 -1.00000000e+00
 2.60222372e+00 3.25778601e+00 -1.00000000e+00
 2.79478283e+00 3.11911929e+00 -1.00000000e+00
 2.45063422e+00 2.61963058e+00 -1.00000000e+00
 2.88277557e+00 3.73606515e+00 -1.00000000e+00
 2.88913839e+00 3.04363470e+00 -1.00000000e+00
 2.95218269e+00 3.05795036e+00 -1.00000000e+00
 2.51407719e+00 2.92408489e+00 -1.00000000e+00
 2.98331128e+00 2.17932278e+00 -1.00000000e+00
 2.40963359e+00 2.76037710e+00 -1.00000000e+00
 2.29067989e+00 2.66515905e+00 -1.00000000e+00
 2.34844797e+00 2.88571981e+00 -1.00000000e+00
 2.72939627e+00 2.58537060e+00 -1.00000000e+00
 2.98987392e+00 2.70507991e+00 -1.00000000e+00
 2.87780957e+00 2.65533161e+00 -1.00000000e+00
 2.77139767e+00 2.52484827e+00 -1.00000000e+00
 2.83579549e+00 2.85213975e+00 -1.00000000e+00
 2.88462074e+00 2.42152794e+00 -1.00000000e+00
 2.93449503e+00 2.92153944e+00 -1.00000000e+00
 3.39543501e+00 2.81604300e+00 -1.00000000e+00
 2.67716296e+00 2.92592792e+00 -1.00000000e+00
 2.99132533e+00 3.21198315e+00 -1.00000000e+00
 2.84793025e+00 2.53724664e+00 -1.00000000e+00
 3.42907257e+00 2.33524238e+00 -1.00000000e+00
 2.83332732e+00 2.54201826e+00 -1.00000000e+00
 3.22367574e+00 2.29802320e+00 -1.00000000e+00
 3.76660719e+00 2.41589748e+00 -1.00000000e+00
 2.96882195e+00 2.20974456e+00 -1.00000000e+00
 2.57803939e+00 2.47443756e+00 -1.00000000e+00
 2.94865493e+00 2.41929849e+00 -1.00000000e+00
 3.40094651e+00 2.82898508e+00 -1.00000000e+00
 2.85020349e+00 2.06095355e+00 -1.00000000e+00
 2.82933461e+00 2.31344944e+00 -1.00000000e+00
 2.59168791e+00 2.33021910e+00 -1.00000000e+00
 3.13090910e+00 1.70249270e+00 -1.00000000e+00
 3.41624843e+00 1.95999938e+00 -1.00000000e+00
 2.99693389e+00 2.20373917e+00 -1.00000000e+00
 4.01441552e+00 2.87745256e+00 -1.00000000e+00
 2.91082421e+00 2.54252603e+00 -1.00000000e+00
 3.29367971e+00 2.71899328e+00 -1.00000000e+00
 2.87735337e+00 2.82096491e+00 -1.00000000e+00
 3.23003922e+00 2.83909471e+00 -1.00000000e+00
 2.74923552e+00 2.72835511e+00 -1.00000000e+00
 3.36110847e+00 2.57191294e+00 -1.00000000e+00
 2.92352672e+00 2.27903925e+00 -1.00000000e+00
 3.32967178e+00 2.86060166e+00 -1.00000000e+00
 3.04927936e+00 2.15917257e+00 -1.00000000e+00
 3.75630754e+00 1.85560257e+00 -1.00000000e+00
 3.20375173e+00 2.48201740e+00 -1.00000000e+00
 3.48124266e+00 2.50436643e+00 -1.00000000e+00
 3.43277404e+00 2.19263106e+00 -1.00000000e+00
 3.68379758e+00 1.94429881e+00 -1.00000000e+00
 2.96343573e+00 2.79702814e+00 -1.00000000e+00
 3.34063271e+00 2.65540866e+00 -1.00000000e+00
 3.40162454e+00 2.17784455e+00 -1.00000000e+00
 3.09429537e+00 1.86042613e+00 -1.00000000e+00
 3.27864650e+00 1.66385242e+00 -1.00000000e+00
 2.65263074e+00 2.15386906e+00 -1.00000000e+00
 3.25424889e+00 1.95126578e+00 -1.00000000e+00
 3.65971170e+00 2.08711715e+00 -1.00000000e+00
 3.21854080e+00 2.56519767e+00 -1.00000000e+00
 3.25957502e+00 2.65444155e+00 -1.00000000e+00
 2.96335963e+00 1.62028995e+00 -1.00000000e+00
 3.28068586e+00 1.82187374e+00 -1.00000000e+00
 3.42025860e+00 1.91571361e+00 -1.00000000e+00
 3.93455723e+00 2.69219835e+00 -1.00000000e+00
 3.68948781e+00 2.69898292e+00 -1.00000000e+00
 2.78015981e+00 2.16968547e+00 -1.00000000e+00
 3.09148565e+00 2.22691796e+00 -1.00000000e+00
 3.81217653e+00 2.20215334e+00 -1.00000000e+00
 3.74385297e+00 1.38345512e+00 -1.00000000e+00
 4.10718414e+00 2.05021117e+00 -1.00000000e+00
 3.16034203e+00 1.59745542e+00 -1.00000000e+00
 3.46450739e+00 2.17946152e+00 -1.00000000e+00
 3.60005051e+00 1.45766253e+00 -1.00000000e+00
 3.31755112e+00 1.70113062e+00 -1.00000000e+00
 3.34116577e+00 1.62246032e+00 -1.00000000e+00
 3.90739804e+00 2.03897949e+00 -1.00000000e+00
 3.59345251e+00 1.91393460e+00 -1.00000000e+00
 2.79500213e+00 2.51176535e+00 -1.00000000e+00
 3.53078879e+00 1.73906577e+00 -1.00000000e+00
 3.60726709e+00 1.60919774e+00 -1.00000000e+00
 3.39768827e+00 1.82625735e+00 -1.00000000e+00
 3.66984198e+00 1.66177344e+00 -1.00000000e+00
 3.42682654e+00 1.51054325e+00 -1.00000000e+00
 3.47035235e+00 2.41652837e+00 -1.00000000e+00
 4.04917722e+00 2.75901672e+00 -1.00000000e+00
 3.36296848e+00 2.30685958e+00 -1.00000000e+00
 3.64219919e+00 2.33900403e+00 -1.00000000e+00
 3.77421205e+00 1.59128349e+00 -1.00000000e+00
 4.14460876e+00 2.45286877e+00 -1.00000000e+00
 4.34592116e+00 1.86987933e+00 -1.00000000e+00
 4.85084159e+00 2.34151336e+00 -1.00000000e+00
 3.49374519e+00 2.33716837e+00 -1.00000000e+00
 3.53530315e+00 2.22031068e+00 -1.00000000e+00
 3.31032149e+00 2.48926723e+00 -1.00000000e+00
 3.66122459e+00 1.65580313e+00 -1.00000000e+00
 3.94944941e+00 2.01250379e+00 -1.00000000e+00
 3.04332729e+00 2.19002972e+00 -1.00000000e+00
 3.76042835e+00 1.67943735e+00 -1.00000000e+00
 3.93821440e+00 1.96946342e+00 -1.00000000e+00
 3.63864055e+00 1.68062550e+00 -1.00000000e+00
 3.39403072e+00 1.97227950e+00 -1.00000000e+00
 3.77392026e+00 9.03890603e-01 -1.00000000e+00
 3.62451669e+00 1.72145251e+00 -1.00000000e+00
 4.37345929e+00 1.62428583e+00 -1.00000000e+00
 3.90280169e+00 2.56674310e+00 -1.00000000e+00
 3.15343746e+00 2.04551688e+00 -1.00000000e+00
 4.02703226e+00 1.61730950e+00 -1.00000000e+00
 3.51252915e+00 1.83887746e+00 -1.00000000e+00
 3.90852707e+00 1.29881241e+00 -1.00000000e+00
 3.26644288e+00 2.01889101e+00 -1.00000000e+00
 3.13168537e+00 1.80069783e+00 -1.00000000e+00
 4.06007349e+00 2.09742790e+00 -1.00000000e+00
 4.13601546e+00 1.64255331e+00 -1.00000000e+00
 4.12476591e+00 1.98205528e+00 -1.00000000e+00
 3.52871086e+00 1.22942469e+00 -1.00000000e+00
 3.37253279e+00 1.66010221e+00 -1.00000000e+00
 3.62508833e+00 1.43304793e+00 -1.00000000e+00
 3.92973454e+00 2.03869708e+00 -1.00000000e+00
 3.77680000e+00 2.07222065e+00 -1.00000000e+00
 4.22627536e+00 1.34239290e+00 -1.00000000e+00
 4.21279066e+00 1.86406021e+00 -1.00000000e+00
 3.78631191e+00 1.98426017e+00 -1.00000000e+00
 3.98922876e+00 2.08631951e+00 -1.00000000e+00
 4.46403076e+00 1.85583291e+00 -1.00000000e+00
 3.74557014e+00 1.92995362e+00 -1.00000000e+00
 3.96775851e+00 1.70472425e+00 -1.00000000e+00
 3.90212094e+00 1.66117372e+00 -1.00000000e+00
 4.28514423e+00 1.92229334e+00 -1.00000000e+00
 4.75599888e+00 1.91189255e+00 -1.00000000e+00
 3.96989037e+00 1.53511491e+00 -1.00000000e+00
 4.25789607e+00 2.08186878e+00 -1.00000000e+00
 4.52480766e+00 1.53529301e+00 -1.00000000e+00
 4.17904131e+00 1.53415767e+00 -1.00000000e+00
 4.66652591e+00 1.56140335e+00 -1.00000000e+00
 3.43553452e+00 1.40727744e+00 -1.00000000e+00
 4.64797356e+00 1.34579806e+00 -1.00000000e+00
 3.88512458e+00 1.66190164e+00 -1.00000000e+00
 3.72818591e+00 1.92087000e+00 -1.00000000e+00
 3.84393268e+00 1.76426930e+00 -1.00000000e+00
 3.79336545e+00 1.77264126e+00 -1.00000000e+00
 4.32475337e+00 1.70204320e+00 -1.00000000e+00
 4.31803981e+00 1.71588232e+00 -1.00000000e+00
 4.14297692e+00 1.68464732e+00 -1.00000000e+00
 4.04567595e+00 5.07418685e-01 -1.00000000e+00
 3.65578918e+00 1.29625301e+00 -1.00000000e+00
 3.39037287e+00 1.51725163e+00 -1.00000000e+00
 3.66069630e+00 1.42180353e+00 -1.00000000e+00
 3.92616051e+00 1.81077287e+00 -1.00000000e+00
 4.13128595e+00 1.77841817e+00 -1.00000000e+00
 4.11937696e+00 1.99127266e+00 -1.00000000e+00
 4.66848842e+00 1.57466335e+00 -1.00000000e+00
 3.33056502e+00 1.93862501e+00 -1.00000000e+00
 4.30478088e+00 2.38788377e+00 -1.00000000e+00
 4.39747958e+00 1.18417733e+00 -1.00000000e+00
 4.63288207e+00 1.61145800e+00 -1.00000000e+00
 4.35333264e+00 1.27168712e+00 -1.00000000e+00
 3.87174102e+00 1.41858371e+00 -1.00000000e+00
 4.85493963e+00 1.89747419e+00 -1.00000000e+00
 4.56199693e+00 1.36135729e+00 -1.00000000e+00
 4.62741142e+00 1.54267442e+00 -1.00000000e+00
 4.36193120e+00 1.80060065e+00 -1.00000000e+00
 4.21419122e+00 7.97240790e-01 -1.00000000e+00
 5.10008381e+00 1.26460149e+00 -1.00000000e+00
 4.34808541e+00 1.52646399e+00 -1.00000000e+00
 3.87226944e+00 7.73723446e-01 -1.00000000e+00
 4.65445397e+00 1.17645542e+00 -1.00000000e+00
 4.51371840e+00 1.80560244e+00 -1.00000000e+00
 4.21924298e+00 1.57395062e+00 -1.00000000e+00
 4.43898310e+00 1.72751614e+00 -1.00000000e+00
 4.58628504e+00 1.44402433e+00 -1.00000000e+00
 4.47888201e+00 1.76018194e+00 -1.00000000e+00
 4.17279136e+00 1.09622256e+00 -1.00000000e+00
 4.56391351e+00 2.07295904e+00 -1.00000000e+00
 3.93574522e+00 2.40560765e+00 -1.00000000e+00
 4.48481028e+00 1.24971454e+00 -1.00000000e+00
 4.27465296e+00 2.36137705e+00 -1.00000000e+00
 4.34231320e+00 1.41805077e+00 -1.00000000e+00
 4.27547175e+00 2.40517335e+00 -1.00000000e+00
 4.01955431e+00 1.64291603e+00 -1.00000000e+00
 4.58823636e+00 1.38243109e+00 -1.00000000e+00
 4.66299839e+00 1.86670375e+00 -1.00000000e+00
 4.61795558e+00 8.94549367e-01 -1.00000000e+00
 4.61903276e+00 1.68618059e+00 -1.00000000e+00
 4.57150484e+00 1.86052774e+00 -1.00000000e+00
 5.09046332e+00 1.20937591e+00 -1.00000000e+00
 4.61803768e+00 2.26852879e+00 -1.00000000e+00
 4.40841707e+00 9.68594074e-01 -1.00000000e+00
 4.42940728e+00 1.44705901e+00 -1.00000000e+00
 4.86859124e+00 2.09543958e+00 -1.00000000e+00
 4.80836967e+00 1.70745327e+00 -1.00000000e+00
 4.42519614e+00 6.62044674e-01 -1.00000000e+00
 4.59527240e+00 1.85282076e+00 -1.00000000e+00
 4.61350893e+00 1.45774898e+00 -1.00000000e+00
 4.66074487e+00 2.27254129e+00 -1.00000000e+00
 4.27276304e+00 1.05683001e+00 -1.00000000e+00
 5.09005947e+00 1.84982136e+00 -1.00000000e+00
 4.59898624e+00 1.36057475e+00 -1.00000000e+00
 4.71285330e+00 1.38804176e+00 -1.00000000e+00
 5.30042929e+00 1.98443106e+00 -1.00000000e+00
 4.52525796e+00 1.42073568e+00 -1.00000000e+00
 4.56264259e+00 1.58300322e+00 -1.00000000e+00
 4.54391297e+00 1.07990700e+00 -1.00000000e+00
 4.59625711e+00 1.90172704e+00 -1.00000000e+00
 5.22742772e+00 1.51546867e+00 -1.00000000e+00
 4.84754913e+00 1.70842355e+00 -1.00000000e+00
 4.87613986e+00 2.65411999e+00 -1.00000000e+00
 4.76241173e+00 1.37599543e+00 -1.00000000e+00
 4.58160748e+00 1.51765265e+00 -1.00000000e+00
 4.89217776e+00 1.50347860e+00 -1.00000000e+00
 4.65744161e+00 1.86311339e+00 -1.00000000e+00
 4.89381673e+00 1.69406344e+00 -1.00000000e+00
 5.00189123e+00 1.22309875e+00 -1.00000000e+00
 5.32977000e+00 1.67418445e+00 -1.00000000e+00
 4.48147939e+00 1.59021491e+00 -1.00000000e+00
 5.38259406e+00 1.90588693e+00 -1.00000000e+00
 4.92025346e+00 1.44618944e+00 -1.00000000e+00
 5.67962813e+00 1.38522929e+00 -1.00000000e+00
 4.59732063e+00 1.03255611e+00 -1.00000000e+00
 4.68889548e+00 1.16459440e+00 -1.00000000e+00
 5.04001194e+00 8.79648698e-01 -1.00000000e+00
 4.99129442e+00 1.32249904e+00 -1.00000000e+00
 4.86172436e+00 1.90656039e+00 -1.00000000e+00
 5.35724624e+00 1.65988833e+00 -1.00000000e+00
 5.51601013e+00 1.13379200e+00 -1.00000000e+00
 4.90025609e+00 1.76110492e+00 -1.00000000e+00
 5.04516856e+00 2.37311844e+00 -1.00000000e+00
 4.84011642e+00 1.66220286e+00 -1.00000000e+00
 5.71784273e+00 2.00126333e+00 -1.00000000e+00
 4.93424054e+00 1.67696307e+00 -1.00000000e+00
 4.49178178e+00 9.23626236e-01 -1.00000000e+00
 5.37512576e+00 1.84466995e+00 -1.00000000e+00
 4.76600848e+00 1.47791419e+00 -1.00000000e+00
 5.27538154e+00 2.00610794e+00 -1.00000000e+00
 5.34479264e+00 1.26625039e+00 -1.00000000e+00
 4.84098527e+00 1.03708999e+00 -1.00000000e+00
 5.23246176e+00 1.82914272e+00 -1.00000000e+00
 4.75347911e+00 1.33989653e+00 -1.00000000e+00
 5.17373976e+00 9.57196469e-01 -1.00000000e+00
 5.05254190e+00 1.56481052e+00 -1.00000000e+00
 4.90211700e+00 1.18800506e+00 -1.00000000e+00
 4.35375382e+00 1.73196231e+00 -1.00000000e+00
 5.15276804e+00 1.75495705e+00 -1.00000000e+00
 5.76607854e+00 1.10962184e+00 -1.00000000e+00
 5.43132721e+00 1.29392561e+00 -1.00000000e+00
 5.11459910e+00 1.90999905e+00 -1.00000000e+00
 4.52706853e+00 1.43146865e+00 -1.00000000e+00
 4.63110689e+00 1.19266304e+00 -1.00000000e+00
 5.63679185e+00 1.81031482e+00 -1.00000000e+00
 5.24255402e+00 1.56442374e+00 -1.00000000e+00
 4.95383241e+00 1.15482338e+00 -1.00000000e+00
 5.10157320e+00 1.68551169e+00 -1.00000000e+00
 5.91105764e+00 1.88932739e+00 -1.00000000e+00
 5.06646358e+00 1.72135641e+00 -1.00000000e+00
 5.10275184e+00 1.14105167e+00 -1.00000000e+00
 5.63042371e+00 1.19573517e+00 -1.00000000e+00
 5.67738263e+00 1.31817409e+00 -1.00000000e+00
 5.19549055e+00 1.31150158e+00 -1.00000000e+00
 5.44778748e+00 1.09424967e+00 -1.00000000e+00
 5.85163977e+00 1.56737832e+00 -1.00000000e+00
 5.22365154e+00 1.28252396e+00 -1.00000000e+00
 5.34226762e+00 2.07158816e+00 -1.00000000e+00
 5.42418348e+00 1.68953927e+00 -1.00000000e+00
 5.22563200e+00 1.77750794e+00 -1.00000000e+00
 5.58098235e+00 1.65901123e+00 -1.00000000e+00
 5.15356780e+00 8.17693722e-01 -1.00000000e+00
 5.66256932e+00 2.16009239e+00 -1.00000000e+00
 5.30443638e+00 1.13131126e+00 -1.00000000e+00
 5.25962499e+00 1.67171686e+00 -1.00000000e+00
 5.65609081e+00 1.82011279e+00 -1.00000000e+00
 5.65270123e+00 1.23894024e+00 -1.00000000e+00
 6.04431282e+00 1.65483756e+00 -1.00000000e+00
 5.61529568e+00 1.28885539e+00 -1.00000000e+00
 6.06621615e+00 1.29063110e+00 -1.00000000e+00
 5.55440348e+00 1.38313999e+00 -1.00000000e+00
 5.46235257e+00 1.37483306e+00 -1.00000000e+00
 5.51579367e+00 2.27634991e+00 -1.00000000e+00
 5.35641747e+00 1.56384510e+00 -1.00000000e+00
 5.68017067e+00 2.20212971e+00 -1.00000000e+00
 4.67263189e+00 9.82259410e-01 -1.00000000e+00
 5.96060252e+00 1.38745674e+00 -1.00000000e+00
 6.02480269e+00 1.71900943e+00 -1.00000000e+00
 5.45275867e+00 1.19157060e+00 -1.00000000e+00
 5.70095782e+00 1.39213839e+00 -1.00000000e+00
 5.62230133e+00 1.64041646e+00 -1.00000000e+00
 5.51479593e+00 1.23752608e+00 -1.00000000e+00
 6.10757512e+00 1.94069964e+00 -1.00000000e+00
 5.24842006e+00 1.97427398e+00 -1.00000000e+00
 5.30711511e+00 1.52972498e+00 -1.00000000e+00
 6.04133321e+00 1.74441991e+00 -1.00000000e+00
 5.78779915e+00 2.04905599e+00 -1.00000000e+00
 5.97373283e+00 1.63427333e+00 -1.00000000e+00
 5.80383288e+00 1.44923557e+00 -1.00000000e+00
 5.79235386e+00 1.74448130e+00 -1.00000000e+00
 6.36678403e+00 1.61951687e+00 -1.00000000e+00
 5.11842386e+00 1.46238654e+00 -1.00000000e+00
 5.30204186e+00 1.46333796e+00 -1.00000000e+00
 6.43235944e+00 1.79654444e+00 -1.00000000e+00
 5.90453535e+00 1.67827453e+00 -1.00000000e+00
 5.46791633e+00 1.91013401e+00 -1.00000000e+00
 5.71322633e+00 2.11052281e+00 -1.00000000e+00
 6.44506123e+00 1.52594451e+00 -1.00000000e+00
 6.08620094e+00 1.31431953e+00 -1.00000000e+00
 5.68625729e+00 1.84015723e+00 -1.00000000e+00
 5.50278407e+00 1.50651168e+00 -1.00000000e+00
 6.36069869e+00 1.98001803e+00 -1.00000000e+00
 6.14149386e+00 1.61713919e+00 -1.00000000e+00
 5.47160736e+00 2.20483166e+00 -1.00000000e+00
 6.00001734e+00 2.24027293e+00 -1.00000000e+00
 6.03651421e+00 1.68235019e+00 -1.00000000e+00
 5.84861614e+00 1.97012921e+00 -1.00000000e+00
 6.01520145e+00 1.73869262e+00 -1.00000000e+00
 6.36326089e+00 1.23471811e+00 -1.00000000e+00
 6.31630413e+00 1.89392277e+00 -1.00000000e+00
 5.64458847e+00 1.71023736e+00 -1.00000000e+00
 5.21926471e+00 1.85978620e+00 -1.00000000e+00
 6.42732598e+00 2.09383673e+00 -1.00000000e+00
 6.17565950e+00 1.63821439e+00 -1.00000000e+00
 6.25810891e+00 1.12393424e+00 -1.00000000e+00
 5.24443867e+00 1.92132967e+00 -1.00000000e+00
 6.38712924e+00 1.31409776e+00 -1.00000000e+00
 5.91708749e+00 2.02469963e+00 -1.00000000e+00
 6.37083384e+00 1.68959497e+00 -1.00000000e+00
 6.32672274e+00 1.36976476e+00 -1.00000000e+00
 5.66991291e+00 2.05307851e+00 -1.00000000e+00
 6.36596668e+00 2.05641053e+00 -1.00000000e+00
 6.06257465e+00 1.51941216e+00 -1.00000000e+00
 7.14036601e+00 1.88332419e+00 -1.00000000e+00
 6.28837736e+00 1.64186783e+00 -1.00000000e+00
 6.52825409e+00 2.07815538e+00 -1.00000000e+00
 6.19673590e+00 2.27482184e+00 -1.00000000e+00
 6.23799111e+00 1.65081642e+00 -1.00000000e+00
 5.34627576e+00 1.15472730e+00 -1.00000000e+00
 6.00354597e+00 1.34250191e+00 -1.00000000e+00
 6.37917545e+00 1.68227030e+00 -1.00000000e+00
 5.83106478e+00 1.74335225e+00 -1.00000000e+00
 6.03443991e+00 1.86145560e+00 -1.00000000e+00
 5.91900638e+00 1.90144279e+00 -1.00000000e+00
 6.19102699e+00 2.34416591e+00 -1.00000000e+00
 6.25304703e+00 1.91591219e+00 -1.00000000e+00
 6.06510050e+00 1.96925214e+00 -1.00000000e+00
 6.05153759e+00 1.79859165e+00 -1.00000000e+00
 5.73702450e+00 1.44015575e+00 -1.00000000e+00
 6.52881814e+00 1.45610030e+00 -1.00000000e+00
 6.28428434e+00 1.78235168e+00 -1.00000000e+00
 6.21641634e+00 1.47210885e+00 -1.00000000e+00
 6.39901082e+00 1.48774645e+00 -1.00000000e+00
 6.00266423e+00 1.29991189e+00 -1.00000000e+00
 6.23549300e+00 1.82898812e+00 -1.00000000e+00
 5.78403310e+00 1.95549466e+00 -1.00000000e+00
 6.14319345e+00 2.57458339e+00 -1.00000000e+00
 5.77702631e+00 2.06762574e+00 -1.00000000e+00
 5.91190937e+00 1.88594017e+00 -1.00000000e+00
 6.38238511e+00 1.83442456e+00 -1.00000000e+00
 6.16454410e+00 1.47260422e+00 -1.00000000e+00
 6.15477560e+00 1.88118764e+00 -1.00000000e+00
 6.73819569e+00 2.33674845e+00 -1.00000000e+00
 6.30794621e+00 1.73927516e+00 -1.00000000e+00
 6.27501723e+00 1.32023528e+00 -1.00000000e+00
 6.01772960e+00 1.54934392e+00 -1.00000000e+00
 6.30840231e+00 1.47147356e+00 -1.00000000e+00
 6.12031938e+00 1.50699503e+00 -1.00000000e+00
 5.94384387e+00 2.49353043e+00 -1.00000000e+00
 6.12706351e+00 2.54766990e+00 -1.00000000e+00
 6.00901147e+00 1.45087324e+00 -1.00000000e+00
 6.51015685e+00 1.87275714e+00 -1.00000000e+00
 5.75547857e+00 1.58085718e+00 -1.00000000e+00
 6.21552622e+00 1.87478098e+00 -1.00000000e+00
 7.02423842e+00 2.20937894e+00 -1.00000000e+00
 6.05299908e+00 2.67969945e+00 -1.00000000e+00
 6.83202122e+00 1.97857888e+00 -1.00000000e+00
 6.39695279e+00 1.95340882e+00 -1.00000000e+00
 6.43294394e+00 1.80797264e+00 -1.00000000e+00
 6.33722510e+00 2.34258473e+00 -1.00000000e+00
 6.08811301e+00 2.31232129e+00 -1.00000000e+00
 6.43070874e+00 1.98280459e+00 -1.00000000e+00
 5.88413951e+00 2.36612623e+00 -1.00000000e+00
 6.82462360e+00 1.51670392e+00 -1.00000000e+00
 6.31035957e+00 2.08571750e+00 -1.00000000e+00
 5.89748363e+00 1.76354670e+00 -1.00000000e+00
 6.99352308e+00 1.88365533e+00 -1.00000000e+00
 7.20970827e+00 2.95908303e+00 -1.00000000e+00
 6.72387593e+00 2.29081285e+00 -1.00000000e+00
 6.40139037e+00 1.75044618e+00 -1.00000000e+00
 6.70864084e+00 2.13147499e+00 -1.00000000e+00
 6.44057124e+00 2.04456452e+00 -1.00000000e+00
 6.73393996e+00 2.77793574e+00 -1.00000000e+00
 7.05241575e+00 2.10317894e+00 -1.00000000e+00
 6.71731820e+00 2.40489459e+00 -1.00000000e+00
 7.10859303e+00 2.03925457e+00 -1.00000000e+00
 6.92536992e+00 1.79193808e+00 -1.00000000e+00
 6.57643006e+00 2.51180156e+00 -1.00000000e+00
 6.63258375e+00 2.21668313e+00 -1.00000000e+00
 6.63677409e+00 1.64395163e+00 -1.00000000e+00
 6.71286074e+00 2.39892773e+00 -1.00000000e+00
 6.12176337e+00 1.67215070e+00 -1.00000000e+00
 6.31508350e+00 2.27696118e+00 -1.00000000e+00
 6.85411712e+00 1.79379937e+00 -1.00000000e+00
 7.01860746e+00 2.40018834e+00 -1.00000000e+00
 6.48402259e+00 2.40950831e+00 -1.00000000e+00
 7.53898758e+00 2.15446016e+00 -1.00000000e+00
 6.75587667e+00 2.11231101e+00 -1.00000000e+00
 6.58541786e+00 2.19793341e+00 -1.00000000e+00
 7.41316953e+00 3.15732074e+00 -1.00000000e+00
 7.17279203e+00 2.66072484e+00 -1.00000000e+00
 6.82458280e+00 2.56741145e+00 -1.00000000e+00
 7.44498693e+00 3.06701919e+00 -1.00000000e+00
 7.07609089e+00 2.31234941e+00 -1.00000000e+00
 6.78187727e+00 3.18746381e+00 -1.00000000e+00
 7.06940095e+00 1.83673136e+00 -1.00000000e+00
 6.56060288e+00 2.71256040e+00 -1.00000000e+00
 6.67538492e+00 2.33245119e+00 -1.00000000e+00
 6.52721773e+00 2.18322608e+00 -1.00000000e+00
 7.04619138e+00 2.33708602e+00 -1.00000000e+00
 6.74848577e+00 1.74143216e+00 -1.00000000e+00
 6.78913751e+00 2.21279991e+00 -1.00000000e+00
 7.31505948e+00 2.35619338e+00 -1.00000000e+00
 7.11248709e+00 2.56761994e+00 -1.00000000e+00
 6.89252462e+00 2.55302463e+00 -1.00000000e+00
 6.85190560e+00 1.90386568e+00 -1.00000000e+00
 7.35000962e+00 2.22578602e+00 -1.00000000e+00
 7.02104500e+00 2.30535718e+00 -1.00000000e+00
 6.60724284e+00 3.00354304e+00 -1.00000000e+00
 6.96394589e+00 2.48486372e+00 -1.00000000e+00
 7.13908680e+00 2.49344665e+00 -1.00000000e+00
 7.10672957e+00 2.75509760e+00 -1.00000000e+00
 7.26824050e+00 2.99140774e+00 -1.00000000e+00
 7.22711658e+00 2.25834791e+00 -1.00000000e+00
 6.68094818e+00 2.39047029e+00 -1.00000000e+00
 6.81419204e+00 2.80725630e+00 -1.00000000e+00
 7.25913317e+00 2.75702958e+00 -1.00000000e+00
 7.29642929e+00 2.24977639e+00 -1.00000000e+00
 6.78535088e+00 2.71490900e+00 -1.00000000e+00
 6.59011386e+00 2.30151672e+00 -1.00000000e+00
 6.75760017e+00 2.99208364e+00 -1.00000000e+00
 6.55823073e+00 3.14077881e+00 -1.00000000e+00
 7.66095988e+00 2.74016025e+00 -1.00000000e+00
 7.07636268e+00 2.73296981e+00 -1.00000000e+00
 6.82504810e+00 2.64551136e+00 -1.00000000e+00
 7.08836289e+00 2.73138386e+00 -1.00000000e+00
 6.86586753e+00 3.05230118e+00 -1.00000000e+00
 7.32850328e+00 2.83160797e+00 -1.00000000e+00
 6.84730465e+00 2.92146124e+00 -1.00000000e+00
 7.22671141e+00 2.94267256e+00 -1.00000000e+00
 7.21749215e+00 2.92995949e+00 -1.00000000e+00
 7.26882948e+00 2.53615943e+00 -1.00000000e+00
 7.28402526e+00 3.08242511e+00 -1.00000000e+00
 7.48009462e+00 2.85080711e+00 -1.00000000e+00
 7.37688953e+00 2.99044916e+00 -1.00000000e+00
 7.13245131e+00 3.07699194e+00 -1.00000000e+00
 7.39631194e+00 2.96054862e+00 -1.00000000e+00
 7.74741226e+00 2.65070039e+00 -1.00000000e+00
 7.59553093e+00 3.67621814e+00 -1.00000000e+00
 6.88657137e+00 2.54783274e+00 -1.00000000e+00
 7.09457670e+00 2.99936980e+00 -1.00000000e+00
 7.18705710e+00 3.25580924e+00 -1.00000000e+00
 7.63880324e+00 2.82062222e+00 -1.00000000e+00
 8.05868142e+00 3.36780444e+00 -1.00000000e+00
 7.64097208e+00 2.81211195e+00 -1.00000000e+00
 7.21189208e+00 3.03072627e+00 -1.00000000e+00
 7.17000632e+00 3.31939438e+00 -1.00000000e+00
 6.89926254e+00 3.20372333e+00 -1.00000000e+00
 7.14286193e+00 3.47914869e+00 -1.00000000e+00
 7.85020287e+00 2.98765123e+00 -1.00000000e+00
 7.49363675e+00 3.53548397e+00 -1.00000000e+00
 7.30421561e+00 4.09880406e+00 -1.00000000e+00
 6.73429954e+00 2.66772463e+00 -1.00000000e+00
 7.10671765e+00 3.88110499e+00 -1.00000000e+00
 7.28888272e+00 3.48418132e+00 -1.00000000e+00
 7.55037756e+00 3.77646962e+00 -1.00000000e+00
 7.38320749e+00 3.94646167e+00 -1.00000000e+00
 8.08374907e+00 3.20436712e+00 -1.00000000e+00
 7.53832696e+00 4.20671798e+00 -1.00000000e+00
 7.10523887e+00 4.29269662e+00 -1.00000000e+00
 6.92113870e+00 4.21823838e+00 -1.00000000e+00
