  2.2924052e+001  3.3441461e+000  1.3421709e+001  6.4221210e-001  1.6491907e+000  1.3570561e-001  1.4872909e+001  6.3629253e-001  3.2783697e-001  1.3278176e+000  9.7493370e-002  1.7989677e-001  2.0932918e+001  1.2774893e+000  3.3740239e-001  8.5912591e-002  7.8300420e-001  2.5624780e-001  1.7308092e-001  7.2696648e-002  3.0722675e+001  8.9310368e-001  6.0882679e-001  1.7000345e-001  1.6262080e-001  4.7254347e-001  2.0471787e-001  1.4696817e-001  1.5805153e-001  3.7652898e-002  3.6636493e+001  1.8281493e-001  9.7310959e-001  2.9588459e-001  8.5690151e-002  1.6693691e-001  1.0000000e+000
  2.2929465e+001  3.4858728e+000  1.3603920e+001  7.2557786e-001  1.8762031e+000  6.7131970e-002  1.4856893e+001  8.3534028e-001  2.8386461e-001  1.6578848e+000  8.5245247e-002  2.7475352e-001  2.0887327e+001  1.3810552e+000  2.0126755e-001  1.9377400e-001  7.2665214e-001  2.2511748e-001  2.0500222e-001  1.2159373e-001  3.0531555e+001  9.5863141e-001  6.4490713e-001  3.1541990e-002  1.8989713e-001  6.2436923e-001  3.6716977e-001  2.2041174e-001  5.1908568e-002  8.4094226e-002  3.6359096e+001  1.3216157e-001  8.7277658e-001  2.6103906e-001  5.2432772e-002  9.9061345e-002  1.0000000e+000
  2.2938989e+001  3.4027138e+000  1.3494537e+001  6.7244360e-001  1.8636495e+000  2.1532043e-001  1.5012281e+001  1.0341479e+000  2.6068355e-001  1.4356069e+000  3.9973198e-002  1.2314783e-001  2.0815935e+001  1.4541597e+000  2.6841849e-001  1.0932396e-001  5.8055314e-001  2.1861306e-001  6.9325650e-002  6.0950615e-002  3.0662039e+001  1.0350479e+000  5.5752750e-001  1.2944772e-001  4.5261596e-002  5.3224577e-001  3.3811064e-001  1.5761425e-001  6.4108388e-002  8.7260590e-002  3.6549766e+001  7.1510072e-002  7.6873707e-001  2.7992377e-001  3.8294374e-002  1.1155376e-001  1.0000000e+000
  2.2912376e+001  3.2573615e+000  1.3394657e+001  5.9942588e-001  1.5545082e+000  2.4870316e-001  1.4958966e+001  1.2175822e+000  2.3289944e-001  1.1060598e+000  1.7078422e-001  1.1244494e-001  2.0865621e+001  1.6047007e+000  2.3653630e-001  9.8579519e-002  4.5587128e-001  2.6991629e-001  2.8109799e-002  6.1440646e-002  3.0681328e+001  1.1145894e+000  5.1173737e-001  1.4103778e-001  6.6365886e-002  4.6299744e-001  3.2830444e-001  5.4961864e-002  8.6487581e-002  8.0790446e-002  3.6634580e+001  8.6531344e-002  6.4340340e-001  3.1642893e-001  6.1192073e-002  1.0381948e-001  1.0000000e+000
  2.2894987e+001  3.2071669e+000  1.3416629e+001  4.6025151e-001  1.3650658e+000  1.9001524e-001  1.5016305e+001  1.3169535e+000  2.6097067e-001  9.1252618e-001  2.1551670e-001  1.0124728e-001  2.0928277e+001  1.7921102e+000  2.2275288e-001  6.7131629e-002  2.0571912e-001  2.5509864e-001  3.5479650e-002  7.4448060e-002  3.0758375e+001  1.3459971e+000  4.7290688e-001  1.2751950e-001  4.4585265e-002  1.9929658e-001  2.5625820e-001  5.1295340e-002  2.8273307e-002  8.9535389e-002  3.6521922e+001  3.2863338e-002  6.3568137e-001  3.5753722e-001  2.8217426e-002  1.0866037e-001  1.0000000e+000
  2.3017872e+001  3.1894794e+000  1.3661515e+001  1.9418200e-001  1.4957265e+000  2.1082681e-001  1.5289240e+001  1.2997613e+000  3.1443765e-001  1.0950179e+000  1.8121453e-001  8.5765929e-002  2.1019739e+001  1.9247516e+000  8.3611172e-002  1.2611950e-001  3.7163316e-001  2.0988863e-001  7.0128165e-002  7.4224394e-002  3.0603991e+001  1.6414898e+000  2.6547631e-001  1.2527864e-001  3.5771757e-002  4.5995147e-002  3.2096266e-001  1.4520501e-001  5.4577312e-002  1.0354761e-001  3.6181590e+001  2.5918390e-001  4.2179279e-001  3.0819617e-001  6.6108306e-002  1.0154110e-001  1.0000000e+000
  2.2923825e+001  3.1528137e+000  1.3558353e+001  2.1940567e-001  1.2585738e+000  1.9386057e-001  1.5224894e+001  1.0355775e+000  2.6947852e-001  8.2579382e-001  8.5345836e-002  1.1260051e-001  2.1125765e+001  1.6996392e+000  1.4680626e-001  7.5370217e-002  5.4895169e-001  1.0239777e-001  1.1680656e-002  7.0614368e-002  3.0790407e+001  1.5314924e+000  2.7554006e-001  1.1927584e-001  4.2615928e-002  2.4956493e-001  2.2284164e-001  6.8789380e-002  3.4733864e-002  9.1672202e-002  3.6278696e+001  2.8606996e-001  3.7704675e-001  3.7767128e-001  2.7223875e-002  1.1091248e-001  1.0000000e+000
  2.2809760e+001  3.1022662e+000  1.3326632e+001  4.4252827e-001  1.0318435e+000  1.9577056e-001  1.5072442e+001  7.6764947e-001  2.3514224e-001  4.5264880e-001  8.8967484e-002  1.0406052e-001  2.1181565e+001  1.4200765e+000  2.3297817e-001  8.4643936e-002  6.1641942e-001  3.8187704e-002  4.8895715e-002  6.9637621e-002  3.1075568e+001  1.2373925e+000  4.1572133e-001  1.3649253e-001  5.3016580e-002  3.6510623e-001  1.3832723e-001  1.1341820e-001  3.3021120e-002  9.5363659e-002  3.6625911e+001  1.5595249e-001  4.7986705e-001  3.3166332e-001  4.8475104e-002  1.0794033e-001  1.0000000e+000
  2.2780682e+001  3.0813228e+000  1.3234791e+001  6.2349676e-001  8.9992305e-001  1.9086525e-001  1.4921181e+001  6.5784649e-001  2.9925721e-001  2.3199386e-001  2.4581821e-002  1.2986733e-001  2.1078846e+001  1.2510468e+000  2.5786109e-001  1.1234800e-001  5.1633529e-001  1.6435623e-001  3.6889876e-002  6.2837151e-002  3.1125453e+001  9.9646289e-001  5.9409577e-001  1.0653462e-001  4.6163714e-002  4.0509920e-001  2.8529317e-001  8.0856805e-002  3.4450855e-002  9.4574228e-002  3.6875534e+001  6.3711892e-002  8.4259266e-001  3.3265528e-001  3.6260471e-002  1.0518996e-001  1.0000000e+000
  2.2805372e+001  3.0919129e+000  1.3242774e+001  6.2795340e-001  9.6822227e-001  1.9900234e-001  1.4927116e+001  6.8984637e-001  3.4223848e-001  2.0359018e-001  6.9030331e-002  9.4279943e-002  2.1051841e+001  1.1992393e+000  2.6951586e-001  9.1144045e-002  6.5259042e-001  9.5773370e-002  1.8687672e-002  7.8453102e-002  3.1139178e+001  9.2710019e-001  6.9285343e-001  1.0153369e-001  4.0179528e-002  5.1500161e-001  1.7566783e-001  6.1577604e-002  4.1476188e-002  9.8035423e-002  3.6948482e+001  7.6939459e-002  1.0428428e+000  3.2769815e-001  4.1435458e-002  1.1378217e-001  1.0000000e+000
  2.3710403e+001  3.5648247e+000  1.5295821e+001  7.0672942e-001  2.3953021e+000  1.5767044e-001  1.6801522e+001  8.9847027e-001  2.9800431e-001  2.4178967e+000  4.1003172e-001  9.6369032e-002  2.1625577e+001  1.5320397e+000  8.9886292e-002  8.3858001e-002  1.5868592e+000  5.3396984e-001  3.4366583e-002  7.2134929e-002  3.0348199e+001  1.3305412e+000  2.6389758e-001  8.7569092e-002  3.8579019e-002  6.8916038e-001  4.1845446e-001  1.3884446e-001  8.9238747e-002  9.5017237e-002  3.5778578e+001  5.3499775e-001  4.6034371e-001  2.8175662e-001  4.6497941e-002  1.0446342e-001  1.0000000e+000
  2.3807327e+001  3.7210408e+000  1.5612032e+001  7.3818010e-001  2.8096960e+000  9.9226125e-002  1.7140144e+001  1.0943649e+000  2.7701162e-001  2.9113719e+000  4.1117539e-001  1.0582833e-001  2.1844032e+001  1.7138281e+000  1.0700835e-001  8.8027638e-002  1.8023633e+000  5.7239899e-001  8.7179927e-002  7.0292190e-002  3.0272047e+001  1.5343273e+000  2.1306063e-001  1.1038897e-001  5.3898955e-002  6.5348147e-001  4.1480625e-001  2.0402358e-001  4.8342109e-002  8.7865164e-002  3.5324448e+001  7.8947822e-001  3.1065590e-001  2.1641175e-001  5.7011779e-002  1.1000383e-001  1.0000000e+000
  2.3835775e+001  3.6988141e+000  1.5608121e+001  6.7937896e-001  2.7913773e+000  1.6717443e-001  1.7164869e+001  1.4574652e+000  2.8795540e-001  2.8422531e+000  3.2734770e-001  1.1234953e-001  2.1841762e+001  2.1258535e+000  3.0183103e-002  1.1207875e-001  1.6693728e+000  5.6073186e-001  1.9875587e-002  7.1110780e-002  3.0192319e+001  1.8405216e+000  1.5497304e-002  8.8702849e-002  4.2497834e-002  5.8603371e-001  4.5387204e-001  9.3603783e-002  8.6968681e-002  9.2759222e-002  3.5144998e+001  7.4868793e-001  9.7609209e-002  2.4841530e-001  5.3506146e-002  1.1595551e-001  1.0000000e+000
  2.3803734e+001  3.4688829e+000  1.5500081e+001  5.4568395e-001  2.0744701e+000  1.8018178e-001  1.6925454e+001  1.7000477e+000  2.9483442e-001  1.7851899e+000  1.5172097e-001  9.5489449e-002  2.1494050e+001  2.4636076e+000  1.0396798e-001  8.0251245e-002  7.8594059e-001  2.9108065e-001  4.8560681e-002  8.2925650e-002  2.9854248e+001  2.1411932e+000  2.3748867e-001  7.3396314e-002  5.5254696e-002  4.1129957e-001  2.9228368e-001  1.0857941e-001  4.5039182e-002  8.9987481e-002  3.4990099e+001  7.1242814e-001  2.5156791e-001  2.3174666e-001  3.3345910e-002  1.1258541e-001  1.0000000e+000
  2.3878034e+001  3.3000474e+000  1.5676829e+001  2.5154409e-001  1.6268634e+000  1.8599845e-001  1.7110528e+001  1.5965930e+000  2.5602857e-001  1.2080957e+000  1.2747409e-001  9.3072327e-002  2.1600773e+001  2.4114913e+000  1.9275654e-001  8.4162893e-002  2.5838441e-001  2.5132451e-001  6.8373057e-002  8.6648357e-002  2.9811702e+001  2.3107886e+000  3.4821606e-001  6.5698361e-002  5.1526254e-002  2.5401400e-001  3.2609932e-001  1.1408666e-001  5.5729278e-002  8.3585048e-002  3.4864885e+001  9.5399325e-001  3.1714784e-001  1.5283069e-001  6.3892893e-002  1.1897040e-001  1.0000000e+000
  2.3847362e+001  3.2201630e+000  1.5662655e+001  1.6632024e-001  1.4859428e+000  2.0174968e-001  1.7235570e+001  1.3105825e+000  2.8423662e-001  1.1023792e+000  8.6097878e-002  1.1188875e-001  2.1834282e+001  2.2012764e+000  2.0362018e-001  5.9071028e-002  3.8795553e-001  8.6498437e-002  1.9269983e-002  7.5776327e-002  3.0036430e+001  2.1891375e+000  4.2398309e-001  4.9779264e-002  4.9179603e-002  2.2460000e-001  1.6713093e-001  3.5459750e-002  3.6560711e-002  7.5784866e-002  3.4935667e+001  9.6142777e-001  5.6731275e-001  1.7368105e-001  8.3376051e-003  1.0766447e-001  1.0000000e+000
  2.3639593e+001  3.2295510e+000  1.5357113e+001  5.5306243e-001  1.2075201e+000  1.2735684e-001  1.6776434e+001  1.0246446e+000  2.1223577e-001  8.5776179e-001  2.8371105e-001  2.8134700e-001  2.1933513e+001  1.9535729e+000  2.4112715e-001  2.4571097e-001  4.6565209e-001  2.4929765e-001  1.9423254e-001  1.2677251e-001  3.0274132e+001  1.7713903e+000  1.8152865e-001  8.4097746e-002  2.2186698e-001  3.5614902e-001  4.1477997e-001  7.7784942e-002  1.3226147e-001  1.9706568e-001  3.5390526e+001  5.1985216e-001  3.5772939e-001  2.3614715e-001  1.7112208e-001  9.9264758e-002  1.0000000e+000
  2.3616965e+001  3.2192075e+000  1.5172651e+001  6.0634484e-001  1.4581152e+000  2.6886571e-001  1.6860543e+001  9.5147526e-001  3.0123414e-001  1.2607103e+000  2.6994469e-001  1.1267113e-001  2.1856266e+001  1.7863265e+000  1.2724347e-002  9.0979785e-002  7.4807024e-001  4.8579496e-001  4.4045871e-002  7.9461799e-002  3.0482504e+001  1.5665298e+000  8.0305678e-002  1.0135264e-001  5.3217621e-002  3.8349980e-001  4.5735653e-001  4.7691399e-002  1.7994201e-002  7.8652609e-002  3.5654316e+001  4.5795964e-001  1.3527458e-001  2.6702192e-001  2.8815257e-002  1.0010231e-001  1.0000000e+000
  2.3596721e+001  3.2707713e+000  1.5174410e+001  7.1708486e-001  1.6153874e+000  2.2218023e-001  1.6723785e+001  8.9748842e-001  2.5959868e-001  1.5811435e+000  4.0220117e-001  1.8884990e-001  2.1886810e+001  1.8232485e+000  9.6208597e-002  1.1528426e-001  9.3291505e-001  4.7076531e-001  1.0488834e-001  5.1100949e-002  3.0393113e+001  1.3830608e+000  2.7597288e-002  1.8515579e-001  1.2884639e-001  4.3017823e-001  4.9258467e-001  1.0835972e-001  6.3748878e-002  8.1848710e-002  3.5697283e+001  4.0676203e-001  2.6904392e-001  2.6302168e-001  1.0866810e-001  8.2855084e-002  1.0000000e+000
  2.3838973e+001  3.6443791e+000  1.5829087e+001  6.5700910e-001  2.7359496e+000  1.4470623e-001  1.7706411e+001  9.1359982e-001  3.4028081e-001  2.8740343e+000  4.6912898e-001  8.9784905e-002  2.2516641e+001  1.4015602e+000  1.3725654e-001  6.1748632e-002  1.7114233e+000  5.7626894e-001  1.0708259e-001  9.4132992e-002  3.0715256e+001  1.2306181e+000  3.0994034e-001  7.4870633e-002  5.6696656e-002  5.0806914e-001  3.4091865e-001  3.0212525e-001  1.1481402e-001  8.2074226e-002  3.5297866e+001  7.3905693e-001  3.0454144e-001  1.6018265e-001  1.3227130e-002  1.2025142e-001  1.0000000e+000
  2.3931282e+001  3.3779341e+000  1.5684707e+001  2.9453646e-001  1.9609333e+000  2.0787897e-001  1.6939446e+001  9.2458731e-001  3.0280700e-001  1.8405361e+000  1.0116097e-001  8.6457234e-002  2.1520797e+001  1.4973041e+000  4.3296492e-002  9.1004915e-002  1.1018443e+000  1.6174153e-001  1.4909983e-002  7.8130599e-002  3.0686548e+001  1.7229822e+000  2.1315008e-001  4.7465986e-002  4.5976767e-002  5.2705600e-001  3.0431090e-001  7.9719417e-002  3.2959643e-002  1.0044604e-001  3.6995781e+001  1.1670393e+000  3.9849574e-001  1.2472155e-001  5.7174101e-002  1.0705411e-001  1.0000000e+000
  2.3798170e+001  3.3331840e+000  1.5497785e+001  2.8950945e-001  1.7399178e+000  2.0485695e-001  1.6882344e+001  5.6691269e-001  2.5722313e-001  1.6284684e+000  1.2471301e-001  1.5565576e-001  2.1924711e+001  1.0257368e+000  8.0854523e-002  6.8763632e-002  8.8065817e-001  2.6998254e-001  1.0710926e-001  5.8681126e-002  3.1197217e+001  1.2898738e+000  2.9050824e-001  6.9419571e-002  1.2364529e-001  3.4137526e-001  5.0541290e-001  1.0289776e-001  1.0598040e-001  4.4164200e-002  3.7440709e+001  7.0552464e-001  3.0347332e-001  1.3564671e-001  8.0426313e-002  1.2384515e-001  1.0000000e+000
  2.3664301e+001  3.3795850e+000  1.5223044e+001  4.2357047e-001  1.8846922e+000  2.0663518e-001  1.6650499e+001  1.2229069e-001  2.4912400e-001  1.7536932e+000  1.7517611e-001  1.1620809e-001  2.1802825e+001  4.7960030e-001  1.9257350e-001  9.5067134e-002  1.0352679e+000  2.8625277e-001  4.0186977e-002  7.1132782e-002  3.1467311e+001  5.1542353e-001  4.3845752e-001  5.6654066e-002  5.2755622e-002  5.6031749e-001  4.0127841e-001  1.2447736e-001  2.6169956e-002  9.7286000e-002  3.7864880e+001  4.1521547e-002  6.6995559e-001  1.2383430e-001  5.4429456e-002  1.0971931e-001  1.0000000e+000
  2.3693133e+001  3.3545000e+000  1.5216786e+001  4.6603583e-001  1.9260772e+000  2.0821559e-001  1.6608852e+001  2.5239606e-001  3.3117067e-001  1.9454742e+000  1.6832540e-001  1.0281315e-001  2.1651346e+001  2.4854071e-001  2.0324471e-001  7.3345770e-002  1.2828953e+000  2.1356349e-001  6.7942305e-002  7.9823958e-002  3.1256398e+001  5.9315638e-002  5.9683277e-001  3.2845718e-002  5.7722263e-002  6.7027748e-001  2.5904153e-001  2.2853280e-001  4.8947053e-002  8.2322827e-002  3.7754768e+001  4.6499125e-001  1.1008072e+000  1.2701914e-001  4.4961560e-002  1.1434593e-001  1.0000000e+000
  2.3727505e+001  3.4130678e+000  1.5353232e+001  5.0574672e-001  2.0958541e+000  1.8429163e-001  1.6798892e+001  5.3593946e-001  3.1201852e-001  2.1116543e+000  2.0083136e-001  8.3811296e-002  2.1755734e+001  4.8681008e-001  1.7774537e-001  8.3870583e-002  1.2222626e+000  2.2140304e-001  1.3004335e-001  9.0520245e-002  3.1074098e+001  2.7642540e-001  5.3615079e-001  8.8446928e-002  5.0100393e-002  7.2778303e-001  2.3475418e-001  3.3394625e-001  4.8826321e-002  9.1643857e-002  3.7263646e+001  9.3044992e-001  9.5058571e-001  1.7071594e-001  3.2327993e-002  1.1202664e-001  1.0000000e+000
  2.3716198e+001  3.5356800e+000  1.5439204e+001  4.7956897e-001  2.3230686e+000  1.2781314e-001  1.6987095e+001  8.5255235e-001  2.3266107e-001  2.1974834e+000  2.7123192e-001  1.2954666e-001  2.2035347e+001  9.8095612e-001  1.5070064e-001  9.3300479e-002  9.7660151e-001  4.7546832e-001  6.5428324e-002  6.1047926e-002  3.1235140e+001  4.5749633e-001  2.8151464e-001  4.7812618e-002  5.6638232e-002  7.8795045e-001  6.0480335e-001  1.6921968e-001  6.6930468e-002  9.4038010e-002  3.7083117e+001  6.6489624e-001  3.8139075e-001  1.9583852e-001  5.3078642e-002  1.1185869e-001  1.0000000e+000
  2.3848002e+001  3.5218999e+000  1.5715734e+001  3.6918424e-001  2.2407326e+000  1.8741425e-001  1.7236811e+001  9.9870335e-001  2.5202974e-001  1.9587832e+000  2.3016387e-001  1.0954600e-001  2.2086716e+001  1.3682103e+000  1.0460739e-001  7.9167951e-002  6.1127584e-001  5.7312926e-001  2.1735851e-002  7.1924348e-002  3.1058300e+001  1.1177423e+000  1.7502411e-001  6.3534403e-002  4.1286336e-002  7.2955662e-001  8.0701083e-001  9.5294355e-002  3.9933403e-002  9.3709122e-002  3.6752708e+001  2.2932290e-001  2.2996418e-001  1.6510157e-001  3.8368380e-002  1.0014278e-001  1.0000000e+000
  2.3831103e+001  3.3594583e+000  1.5666359e+001  3.3741673e-001  1.7775945e+000  1.8323407e-001  1.7142334e+001  1.0209519e+000  2.7855845e-001  1.4404081e+000  2.2695276e-001  1.1047375e-001  2.1996673e+001  1.4937715e+000  5.6199885e-002  9.1989752e-002  3.2692258e-001  5.8322510e-001  2.8311867e-002  7.0670301e-002  3.1045898e+001  1.4531176e+000  1.9963568e-001  7.5659955e-002  4.8380438e-002  5.0632411e-001  8.2164248e-001  6.4589767e-002  3.2912194e-002  9.5403096e-002  3.6850364e+001  5.0166597e-001  3.6755572e-001  1.6730009e-001  4.0379771e-002  1.1191775e-001  1.0000000e+000
  2.3741431e+001  3.3913422e+000  1.5474807e+001  2.9708129e-001  1.9999427e+000  2.4855980e-001  1.7170862e+001  4.1268015e-001  2.4693573e-001  1.9415985e+000  1.8133810e-001  1.1214322e-001  2.2384055e+001  7.1202781e-001  1.9064981e-001  6.7669472e-002  1.1656982e+000  3.8193251e-001  8.1241062e-002  7.9012204e-002  3.1667097e+001  8.3018167e-001  3.1878460e-001  4.0689204e-002  5.2962179e-002  5.1428796e-001  5.0392571e-001  1.7313977e-001  7.3161291e-002  8.4626913e-002  3.7343002e+001  3.8607556e-001  3.4361661e-001  1.3102976e-001  3.7158548e-002  1.1079258e-001  1.0000000e+000
  2.3665228e+001  3.4884200e+000  1.5328803e+001  4.5983832e-001  2.2771957e+000  1.7564135e-001  1.6896335e+001  1.5393983e-001  2.7218345e-001  2.3956436e+000  1.6300759e-001  1.4649117e-001  2.2135382e+001  1.1273065e-001  2.0481424e-001  9.4996675e-002  1.4931160e+000  1.2966587e-001  7.5130524e-002  5.8963053e-002  3.1599608e+001  1.0005327e-001  5.1505923e-001  1.4194729e-002  5.4937341e-002  3.7366597e-001  2.0112220e-001  2.8067084e-001  2.6873867e-002  8.7381889e-002  3.7545367e+001  5.5780306e-002  8.0745951e-001  3.7141120e-002  5.6883598e-002  1.0472978e-001  1.0000000e+000
  2.2860799e+001  3.0140685e+000  1.3499472e+001  5.3685601e-001  7.9644996e-001  1.9019219e-001  1.5326784e+001  1.1712071e+000  2.1851495e-001  3.3243180e-001  2.7524296e-001  1.0660500e-001  2.1367011e+001  1.5449603e+000  2.7011092e-001  8.7801210e-002  2.6746847e-001  2.8666103e-001  6.6793631e-002  6.3532298e-002  3.1059676e+001  1.1274323e+000  4.8012937e-001  1.1633462e-001  5.2181834e-002  2.1948639e-001  1.0998877e-001  1.3388982e-001  1.2907699e-002  9.3825414e-002  3.6506262e+001  1.0142479e-001  5.1316523e-001  3.5182324e-001  3.3332386e-002  1.1396149e-001  1.0000000e+000
  2.3002712e+001  3.1340434e+000  1.3739653e+001  2.1142338e-001  1.2016224e+000  1.8393933e-001  1.5473759e+001  1.2513185e+000  3.1759005e-001  6.4359466e-001  1.6876453e-001  1.0752506e-001  2.1304067e+001  1.7335517e+000  1.4918780e-001  1.0126593e-001  2.5653581e-001  3.4562328e-001  7.4812541e-002  5.4240501e-002  3.0781128e+001  1.4771489e+000  2.7530980e-001  1.0657641e-001  7.4271761e-002  2.2891896e-001  3.2135194e-001  6.2576489e-002  6.2756579e-002  6.7300267e-002  3.6291878e+001  1.0998275e-001  4.6975126e-001  3.5813153e-001  6.9728121e-002  9.7674501e-002  1.0000000e+000
  2.2906603e+001  3.1182607e+000  1.3684021e+001  2.8615202e-001  1.0339736e+000  2.2678791e-001  1.5547528e+001  9.2553534e-001  2.5849759e-001  4.1419490e-001  9.2173764e-002  1.1557100e-001  2.1515502e+001  1.5325642e+000  1.5077801e-001  7.8683445e-002  4.4085155e-001  2.5782003e-001  5.1032045e-002  6.5128508e-002  3.1019394e+001  1.3557966e+000  2.6585179e-001  1.2784571e-001  4.2979479e-002  4.1833148e-001  1.5075373e-001  9.4583654e-002  6.0628319e-002  9.2264275e-002  3.6233217e+001  2.2444030e-001  2.8659080e-001  3.6070413e-001  2.7498430e-002  1.0828836e-001  1.0000000e+000
  2.2802691e+001  3.0543058e+000  1.3516499e+001  4.7641433e-001  8.9065663e-001  2.0648140e-001  1.5454666e+001  7.8226817e-001  2.1812703e-001  4.0772782e-001  6.9799978e-002  1.2116463e-001  2.1606736e+001  1.4232765e+000  1.9977294e-001  8.7924978e-002  2.1931905e-001  2.2114585e-001  7.0464595e-002  6.1074289e-002  3.1231961e+001  1.2150893e+000  3.3938858e-001  1.3534895e-001  5.1663790e-002  3.7629654e-001  1.5418330e-001  1.1810683e-001  6.5186811e-002  9.0690848e-002  3.6441301e+001  1.2789527e-001  3.1155810e-001  3.3501287e-001  4.9847076e-002  9.4942313e-002  1.0000000e+000
  2.2813961e+001  3.0546173e+000  1.3481644e+001  6.0476685e-001  8.9097899e-001  1.9960778e-001  1.5410653e+001  6.8462077e-001  2.5868359e-001  3.1564823e-001  5.5837604e-002  1.2112985e-001  2.1601548e+001  1.2874430e+000  2.3056288e-001  1.2441806e-001  3.5736094e-001  1.4985857e-001  5.2875463e-002  6.7110607e-002  3.1384907e+001  1.0211362e+000  4.7141540e-001  1.2420289e-001  4.4659749e-002  3.5233644e-001  1.8142156e-001  8.3951871e-002  2.9744109e-002  9.5080235e-002  3.6743032e+001  6.8676589e-002  5.5637465e-001  3.1372728e-001  4.0652539e-002  1.0514924e-001  1.0000000e+000
  2.2846341e+001  2.8356051e+000  1.3529671e+001  6.6110786e-001  3.1197142e-001  2.4078125e-001  1.5483059e+001  6.7991199e-001  3.3067577e-001  2.7801407e-001  1.6761048e-001  1.4419415e-001  2.1646692e+001  1.1118635e+000  2.3495351e-001  9.2111212e-002  4.7996322e-001  3.0250860e-001  1.0304805e-001  5.6068795e-002  3.1387357e+001  7.5033363e-001  5.4428051e-001  9.8090272e-002  4.1831023e-002  4.6751994e-001  2.6711309e-001  2.3032814e-001  5.1294583e-002  9.2854628e-002  3.6840737e+001  8.3898119e-002  7.5173409e-001  2.9165212e-001  3.5406220e-002  9.9022938e-002  1.0000000e+000
  2.2882612e+001  3.1809629e+000  1.3612463e+001  6.5907019e-001  1.2457927e+000  1.8795137e-001  1.5386180e+001  1.0376231e+000  2.5583621e-001  6.2563343e-001  1.6192985e-001  1.0926045e-001  2.1374326e+001  1.4158144e+000  2.6504930e-001  1.2771253e-001  4.1831107e-001  2.0819052e-001  6.9337295e-002  6.5075222e-002  3.1099024e+001  9.3524367e-001  5.4532469e-001  1.1510911e-001  3.9865383e-002  6.5687123e-001  3.2598366e-001  1.0874501e-001  2.7300930e-002  9.5884044e-002  3.6622511e+001  1.6298594e-001  7.0287312e-001  3.0384639e-001  4.9948385e-002  9.7774203e-002  1.0000000e+000
  2.2918365e+001  3.2675434e+000  1.3721719e+001  5.4032474e-001  1.4660516e+000  1.7821177e-001  1.5442561e+001  1.2361452e+000  2.0338120e-001  8.7629103e-001  1.3061491e-001  1.3042772e-001  2.1287621e+001  1.6539849e+000  2.4658587e-001  9.5788293e-002  3.6606112e-001  1.8714905e-001  1.2010297e-002  6.2262033e-002  3.0811053e+001  1.2319589e+000  4.7209842e-001  1.1997309e-001  5.1406461e-002  7.9141180e-001  3.7583376e-001  8.7568214e-002  4.0855255e-002  9.4931938e-002  3.6232508e+001  8.3742887e-002  5.2988586e-001  3.5164658e-001  4.2900449e-002  1.0325523e-001  1.0000000e+000
  2.3056502e+001  3.1976199e+000  1.3967106e+001  3.0074266e-001  1.4946581e+000  1.9736215e-001  1.5646708e+001  1.3006137e+000  2.7834345e-001  1.0226580e+000  2.7594781e-001  1.0134154e-001  2.1172225e+001  1.8309545e+000  1.4134428e-001  9.2605292e-002  2.5204216e-001  3.5611587e-001  8.3783981e-002  5.4107474e-002  3.0406952e+001  1.5724565e+000  3.3400959e-001  1.3010314e-001  3.4969374e-002  7.4480905e-001  4.4283893e-001  1.8875290e-001  5.4132820e-002  9.6294041e-002  3.5834656e+001  4.3595848e-001  4.8370631e-001  2.7450051e-001  3.5791664e-002  1.0083381e-001  1.0000000e+000
  2.2929203e+001  2.9686685e+000  1.3772175e+001  1.7832985e-001  6.6536377e-001  1.0585648e-001  1.5591666e+001  1.2062357e+000  2.9023204e-001  4.6640859e-001  3.1176415e-001  1.2872168e-001  2.1459415e+001  1.6710963e+000  1.4837724e-001  1.1973290e-001  6.7261561e-001  4.4145858e-001  7.3996989e-003  6.6358230e-002  3.0895487e+001  1.3376830e+000  3.3233336e-001  1.2824736e-001  5.3329074e-002  4.0130260e-001  3.0668696e-001  5.4808688e-002  7.0690750e-002  9.5812687e-002  3.6189291e+001  1.0707020e-001  4.7040042e-001  3.0808677e-001  6.2397541e-002  1.1080074e-001  1.0000000e+000
  2.3706130e+001  3.4739243e+000  1.5379911e+001  5.0894768e-001  2.1502421e+000  1.5619912e-001  1.6707284e+001  3.5309120e-001  2.8300899e-001  2.1484588e+000  1.5436629e-001  1.1839866e-001  2.1681959e+001  2.6415611e-001  2.1203285e-001  9.6698713e-002  1.2376247e+000  1.5208656e-001  1.0674114e-001  5.8835052e-002  3.1175842e+001  1.5537163e-001  6.0914148e-001  4.0167310e-002  5.1487750e-002  3.9729734e-001  1.8056764e-001  2.5294834e-001  3.5071240e-002  9.5971029e-002  3.7597383e+001  6.5353172e-001  1.0806301e+000  8.3206661e-002  4.1900074e-002  1.0343377e-001  1.0000000e+000
  2.3725918e+001  3.3822018e+000  1.5408678e+001  4.4010235e-001  1.8560550e+000  1.5493048e-001  1.6732568e+001  8.9701144e-001  2.3765067e-001  1.6969238e+000  1.1161313e-001  1.2545192e-001  2.1667621e+001  1.2559287e+000  1.6297527e-001  8.9514262e-002  8.6264552e-001  2.9593797e-001  1.9877303e-002  5.9744583e-002  3.1134766e+001  1.1973107e+000  3.7058881e-001  4.8911597e-002  4.9522270e-002  3.1046807e-001  5.3573064e-001  4.1172748e-002  4.5399445e-002  8.9960599e-002  3.7549431e+001  4.5382543e-001  6.2970984e-001  1.5710303e-001  4.4013162e-002  1.0319028e-001  1.0000000e+000
  2.3971028e+001  3.2691589e+000  1.5824530e+001  2.6621907e-001  1.6880574e+000  2.1224096e-001  1.7058642e+001  8.2348929e-001  3.0861305e-001  1.5380527e+000  1.0157714e-001  8.7846238e-002  2.1470813e+001  1.3515361e+000  5.6152925e-002  1.0612156e-001  1.0809464e+000  1.2335677e-001  2.7199377e-002  9.6902917e-002  3.0380203e+001  1.6848591e+000  2.7208182e-001  4.9814483e-002  3.1449549e-002  9.8891844e-001  3.1471990e-001  4.4496954e-002  4.8506082e-002  1.0564147e-001  3.6648943e+001  1.2942948e+000  5.8088786e-001  1.3559049e-001  4.9059303e-002  1.1184794e-001  1.0000000e+000
  2.3642850e+001  3.3522689e+000  1.5270497e+001  3.8963529e-001  1.8355041e+000  1.9275565e-001  1.6790204e+001  3.1658283e-001  2.2158849e-001  1.8053981e+000  1.6267183e-001  1.2478695e-001  2.1986392e+001  7.0270750e-001  1.6560866e-001  9.9169805e-002  1.2291014e+000  3.0354223e-001  6.0897420e-002  6.7105780e-002  3.1533011e+001  8.3927907e-001  3.1608987e-001  4.8125812e-002  4.4384284e-002  6.6545644e-001  4.6657651e-001  1.3425285e-001  4.8579114e-002  9.1588794e-002  3.7659836e+001  3.4770749e-001  4.1760054e-001  1.3054835e-001  4.7274967e-002  1.0639753e-001  1.0000000e+000
  2.3671562e+001  3.5732347e+000  1.5409868e+001  4.5117195e-001  2.3399335e+000  1.3311933e-001  1.6789042e+001  1.7917052e-001  2.6578234e-001  2.1865950e+000  3.0767704e-001  1.3324691e-001  2.1643865e+001  3.7686958e-001  1.6302848e-001  1.0814735e-001  1.3423529e+000  4.5068925e-001  4.6492939e-002  4.9540199e-002  3.0761607e+001  4.6831912e-001  4.1824966e-001  5.9084989e-002  5.6815792e-002  1.3025570e+000  5.1502284e-001  1.0709393e-001  5.7137104e-002  8.6442353e-002  3.6794039e+001  7.6388106e-001  6.9336871e-001  1.5792816e-001  4.4893391e-002  9.8279823e-002  1.0000000e+000
  2.3626995e+001  3.2753210e+000  1.5105220e+001  5.3340330e-001  1.6057473e+000  1.5442004e-001  1.6178257e+001  3.0092181e-001  2.9045651e-001  1.6389757e+000  1.6022254e-001  1.3577494e-001  2.0839128e+001  4.5644434e-001  1.6666578e-001  9.1710751e-002  1.4525457e+000  2.7339970e-001  2.5233135e-002  6.1220285e-002  3.0183696e+001  3.0092891e-001  5.1162687e-001  3.0594020e-002  4.9070942e-002  1.5776681e+000  5.2749697e-001  1.1197204e-001  4.2328298e-002  9.5986792e-002  3.6767695e+001  6.6462826e-002  9.6379961e-001  1.2839066e-001  4.1037322e-002  1.0557296e-001  1.0000000e+000
  2.3640928e+001  3.5532896e+000  1.5348760e+001  4.9473622e-001  2.4378850e+000  1.2227947e-001  1.6933059e+001  9.1955774e-001  2.3419158e-001  2.4297247e+000  2.4818858e-001  1.3065777e-001  2.2002633e+001  1.0983411e+000  1.4666299e-001  9.9448562e-002  1.2887718e+000  3.9531901e-001  7.3491383e-002  5.7168466e-002  3.1110171e+001  5.9843354e-001  2.7543966e-001  4.8264351e-002  5.5501534e-002  9.8530044e-001  4.4335607e-001  1.5510449e-001  5.8284638e-002  9.4799222e-002  3.6830783e+001  5.2724623e-001  4.1093950e-001  1.7683120e-001  5.5826897e-002  1.0683139e-001  1.0000000e+000
  2.3687911e+001  3.5525287e+000  1.5368547e+001  4.6685729e-001  2.4246230e+000  1.6485585e-001  1.6812499e+001  8.1477887e-001  2.2754092e-001  2.4577986e+000  1.1860457e-001  1.3337585e-001  2.1825763e+001  1.0766929e+000  1.6417057e-001  9.8846527e-002  1.3777425e+000  2.3150765e-001  3.3844116e-002  7.0809707e-002  3.1242924e+001  9.0103902e-001  3.4202439e-001  3.1459625e-002  5.3326915e-002  3.8371326e-001  3.6796260e-001  1.3065973e-001  5.6050536e-002  9.0884027e-002  3.7391947e+001  3.1758260e-001  4.5897309e-001  1.3224336e-001  4.9191566e-002  9.1932620e-002  1.0000000e+000
  2.3739458e+001  3.3592988e+000  1.5389720e+001  4.0596405e-001  1.8336529e+000  1.4819188e-001  1.6723373e+001  9.9657060e-001  2.6585218e-001  1.6961126e+000  1.4855551e-001  1.2296549e-001  2.1582964e+001  1.4657799e+000  9.3325675e-002  8.8177999e-002  8.6398600e-001  2.7363170e-001  6.0305491e-003  7.0247723e-002  3.0880721e+001  1.4963829e+000  2.5599011e-001  4.8560769e-002  4.7472684e-002  5.2129001e-001  4.1695051e-001  4.3497748e-002  4.7650500e-002  9.1722731e-002  3.7121471e+001  7.0463518e-001  4.2905048e-001  1.2281209e-001  4.0735124e-002  1.0855383e-001  1.0000000e+000
  2.3812684e+001  3.3968798e+000  1.5735826e+001  2.8198307e-001  1.9339259e+000  1.8218932e-001  1.7164452e+001  1.6170862e+000  2.2673899e-001  1.7255418e+000  4.2540408e-002  1.2428834e-001  2.1641579e+001  2.4170201e+000  1.7281084e-001  9.9084822e-002  8.1279229e-001  1.1879300e-001  5.9529005e-002  5.8421996e-002  2.9790148e+001  2.3100900e+000  3.1775862e-001  6.1007749e-002  4.9973054e-002  3.5462114e-001  1.9649082e-001  1.0673937e-001  4.5910043e-002  8.8966981e-002  3.4731209e+001  1.0105488e+000  3.0381315e-001  1.5317127e-001  5.8371901e-002  1.0482872e-001  1.0000000e+000
  2.2885539e+001  3.1356820e+000  1.3958709e+001  3.8928287e-001  1.0920711e+000  1.6767837e-001  1.6159840e+001  4.7773105e-001  3.5656561e-001  4.4314284e-001  1.1750058e-001  1.4343339e-001  2.2265575e+001  5.1807695e-001  4.2861277e-001  1.1663129e-001  7.2237144e-001  4.1795637e-001  1.2044263e-001  5.3736679e-002  3.1393420e+001  3.5600161e-001  8.2662051e-001  8.6043414e-002  4.5197982e-002  7.6614461e-001  5.9453422e-001  2.1576606e-001  4.0327944e-002  9.2673840e-002  3.6069995e+001  2.4581473e-001  8.4937364e-001  2.2361609e-001  5.6851551e-002  1.0539672e-001  2.0000000e+000
  2.2838533e+001  3.0247119e+000  1.3861443e+001  4.1985895e-001  8.4766988e-001  1.7370634e-001  1.6174726e+001  3.1713170e-001  2.9127336e-001  4.3435320e-001  6.2066934e-002  1.5460285e-001  2.2433719e+001  3.7072375e-001  4.6033304e-001  9.7588460e-002  5.7117658e-001  3.1435316e-001  6.2805418e-002  5.4647244e-002  3.1582446e+001  2.7733738e-001  8.6348219e-001  1.0046026e-001  6.1568936e-002  6.0573590e-001  4.2214892e-001  1.4473389e-001  2.0558174e-002  8.9213838e-002  3.6161091e+001  1.9666767e-001  8.1532713e-001  2.3790913e-001  1.0681610e-001  1.0260144e-001  2.0000000e+000
  2.2767258e+001  2.9601150e+000  1.3791516e+001  4.5702679e-001  7.1571993e-001  1.6868968e-001  1.6213164e+001  1.8885763e-001  2.0385202e-001  4.8071033e-001  5.6333347e-002  1.1814945e-001  2.2503745e+001  2.7540830e-001  4.9986559e-001  7.8119599e-002  5.1231566e-001  2.7857393e-001  1.3569298e-001  4.8368670e-002  3.1570613e+001  1.8453894e-001  8.7470570e-001  1.0916166e-001  6.9243697e-002  5.8046988e-001  3.4384809e-001  2.1960682e-001  3.7478228e-002  9.1625408e-002  3.6101049e+001  1.6453757e-001  7.2775867e-001  2.2732352e-001  8.3417526e-002  1.0990192e-001  2.0000000e+000
  2.2779312e+001  3.1411089e+000  1.3838580e+001  4.9296634e-001  1.1715922e+000  1.5042375e-001  1.6268897e+001  1.2209364e-001  1.5323769e-001  6.6432142e-001  1.7521952e-001  1.5599457e-001  2.2603899e+001  4.1781793e-002  5.4158420e-001  9.8609891e-002  3.6145777e-001  1.5639374e-001  9.3012922e-002  5.6988419e-002  3.1665674e+001  1.5985131e-001  9.1521169e-001  5.6515005e-002  4.4202980e-002  1.4408672e-001  1.5116677e-001  1.3961701e-001  3.7101096e-002  9.0907552e-002  3.6097416e+001  2.2903230e-001  7.4777220e-001  1.1739011e-001  8.0502403e-002  9.7638544e-002  2.0000000e+000
  2.2806125e+001  3.1301584e+000  1.3831747e+001  4.9933477e-001  1.1073521e+000  1.2203950e-001  1.6182977e+001  1.4887522e-001  2.9283575e-001  6.3013148e-001  1.8874317e-001  1.4283065e-001  2.2469303e+001  2.2158468e-002  5.1796005e-001  1.0304374e-001  3.9251095e-001  2.2353211e-001  3.3426316e-002  5.7133739e-002  3.1624783e+001  1.7841853e-001  9.3005163e-001  3.0524777e-002  6.3032862e-002  2.4402036e-001  2.4878079e-001  6.8676029e-002  5.3962977e-002  9.5696645e-002  3.6122432e+001  1.5677716e-001  8.4963310e-001  6.1200467e-002  1.1685438e-001  1.0222279e-001  2.0000000e+000
  2.2791693e+001  3.1609465e+000  1.3835301e+001  4.9141667e-001  1.2327142e+000  1.3381018e-001  1.6205493e+001  2.1199615e-001  3.7531571e-001  7.4625645e-001  8.9108770e-002  1.3555409e-001  2.2515268e+001  5.7418455e-002  5.0610324e-001  9.4712409e-002  2.0799044e-001  1.2659329e-001  5.9518768e-002  5.1679762e-002  3.1660134e+001  2.4656056e-001  9.5535906e-001  9.7747774e-003  5.8681597e-002  4.4976432e-002  1.2727061e-001  1.2354465e-001  2.9730172e-002  9.4463560e-002  3.6140705e+001  2.3000143e-001  9.4845771e-001  5.0833905e-002  4.6049072e-002  1.0416599e-001  2.0000000e+000
  2.2794108e+001  2.9738604e+000  1.3815290e+001  5.2465420e-001  7.5869186e-001  1.4883432e-001  1.6160800e+001  1.1561107e-001  3.1805470e-001  5.1215286e-001  1.1942316e-001  1.4483907e-001  2.2378851e+001  1.7061272e-001  4.5576223e-001  9.2198274e-002  3.5012285e-001  3.4265642e-001  1.5320416e-001  5.6776576e-002  3.1411605e+001  1.2878776e-001  8.1015824e-001  3.3160702e-002  6.1491470e-002  6.4215108e-001  5.0420375e-001  3.0263521e-001  3.4814366e-002  9.2229910e-002  3.5950555e+001  1.2296524e-001  6.7815503e-001  9.5511539e-002  1.1732889e-001  1.0136475e-001  2.0000000e+000
  2.2768845e+001  3.0739028e+000  1.3803745e+001  5.5372689e-001  1.0401711e+000  1.5025695e-001  1.6242114e+001  2.8912091e-001  1.7455502e-001  6.0977988e-001  7.8809727e-002  1.0897467e-001  2.2525345e+001  2.4435293e-001  5.1126151e-001  1.0581567e-001  3.0703035e-001  1.4752256e-001  2.1026648e-001  5.3825995e-002  3.1502869e+001  1.9389048e-001  8.4624583e-001  4.2846794e-002  6.1886089e-002  6.0979559e-001  3.1081044e-001  3.5492750e-001  2.3548256e-002  9.5865770e-002  3.5918296e+001  3.0866727e-001  6.1708860e-001  6.6081480e-002  7.1748254e-002  1.0356069e-001  2.0000000e+000
  2.2816125e+001  3.1837929e+000  1.3874842e+001  5.1124899e-001  1.2383142e+000  1.3547197e-001  1.6234702e+001  4.3753269e-001  1.5107339e-001  6.5122218e-001  1.0295036e-001  1.5629462e-001  2.2498541e+001  3.7552922e-001  5.4117534e-001  8.6573991e-002  2.3166939e-001  7.0855108e-002  7.7105342e-002  5.4921955e-002  3.1579265e+001  1.8408865e-001  9.3033886e-001  5.8991969e-002  4.4137047e-002  3.2844893e-001  1.2696315e-001  1.7040908e-001  4.7365772e-002  8.6964632e-002  3.6095607e+001  4.6201604e-001  7.5845805e-001  1.4137386e-001  7.8045618e-002  1.0862337e-001  2.0000000e+000
  2.2855479e+001  3.2152019e+000  1.3947968e+001  4.4459298e-001  1.2980157e+000  1.3831621e-001  1.6215320e+001  5.3144017e-001  3.1117516e-001  6.5206081e-001  8.3249655e-002  1.3490266e-001  2.2377899e+001  4.8336249e-001  5.0859459e-001  9.8229416e-002  3.0562684e-001  1.4376629e-001  2.4890126e-002  5.6417433e-002  3.1494706e+001  2.2364923e-001  9.3979042e-001  9.4563726e-002  5.9666922e-002  2.9511223e-001  1.5015839e-001  4.3606858e-002  4.1941363e-002  9.1895903e-002  3.6143107e+001  5.1769971e-001  9.3510136e-001  2.0911201e-001  1.0677910e-001  1.0847574e-001  2.0000000e+000
  2.4043991e+001  3.5908629e+000  1.6630450e+001  7.1938521e-001  2.5038867e+000  7.0425531e-002  1.8751290e+001  6.3514613e-001  2.8440068e-001  2.5849719e+000  4.9323247e-001  1.4671529e-001  2.3694986e+001  8.4912675e-001  1.8307779e-001  7.3922499e-002  1.7412478e+000  7.0580914e-001  3.2382166e-002  6.9955096e-002  3.2003337e+001  1.7216143e-001  5.3211581e-001  1.3892142e-001  6.3752953e-002  9.0848588e-001  5.8403783e-001  4.1939803e-002  7.4551850e-002  8.9798510e-002  3.6983483e+001  9.6955738e-001  1.0272908e+000  4.1511664e-001  7.7585114e-002  1.0861123e-001  2.0000000e+000
  2.4202747e+001  3.7382406e+000  1.7067246e+001  6.7774188e-001  2.9080278e+000  3.6365308e-002  1.9362174e+001  7.3949470e-001  2.7735654e-001  2.9953909e+000  4.8255732e-001  1.3481869e-001  2.4248504e+001  7.9119708e-001  2.3321616e-001  1.0867307e-001  1.6635821e+000  6.3420282e-001  8.1346927e-002  5.6113063e-002  3.2216856e+001  1.3878694e-001  5.8921283e-001  1.4118413e-001  5.2567767e-002  3.5405240e-001  3.1598713e-001  2.1879240e-001  6.7986064e-002  9.1184712e-002  3.6651898e+001  7.0844220e-001  8.8820129e-001  3.3961650e-001  4.2819609e-002  1.0782553e-001  2.0000000e+000
  2.4147756e+001  3.6599371e+000  1.6877025e+001  6.7949891e-001  2.6661235e+000  8.7039715e-002  1.9054999e+001  1.1371783e+000  2.6469847e-001  2.7243402e+000  4.5903325e-001  1.3859959e-001  2.3858169e+001  1.2730303e+000  8.2752174e-002  1.1865388e-001  1.6792885e+000  7.5115497e-001  6.2869960e-002  4.8429992e-002  3.1880255e+001  3.9281373e-001  2.5675917e-001  1.2055307e-001  4.4797558e-002  8.4211184e-001  5.2240462e-001  1.1676770e-001  5.5277497e-002  9.8105543e-002  3.6561924e+001  9.9730892e-001  5.6177714e-001  3.0959709e-001  6.3286926e-002  1.0728375e-001  2.0000000e+000
  2.4351861e+001  3.6932008e+000  1.7440854e+001  5.3057675e-001  2.7055586e+000  1.8837813e-001  1.9718285e+001  1.2491295e+000  2.4158934e-001  2.6097012e+000  4.3572756e-001  1.2872581e-001  2.4235403e+001  1.3621644e+000  1.6516667e-001  1.0462104e-001  1.4652714e+000  7.2658321e-001  1.0797418e-001  5.5269808e-002  3.1672541e+001  6.0051125e-001  2.3543730e-001  7.9527191e-002  5.8115504e-002  6.9311171e-001  4.0436517e-001  1.8232243e-001  8.0987757e-002  8.0798597e-002  3.5867815e+001  7.8129549e-001  1.6578246e-001  2.2658191e-001  4.0433299e-002  1.0541373e-001  2.0000000e+000
  2.4618876e+001  3.5664265e+000  1.8015108e+001  2.8772534e-001  2.3871819e+000  2.3851241e-001  2.0143376e+001  1.2407256e+000  1.9249336e-001  2.1547638e+000  3.0351788e-001  1.3998911e-001  2.4275060e+001  1.6194081e+000  2.2840636e-001  8.4881495e-002  9.1748641e-001  6.4350654e-001  7.3534154e-002  5.9809152e-002  3.1382499e+001  1.2681253e+000  4.1413309e-001  6.0516815e-002  5.5566291e-002  4.6861372e-001  6.2240175e-001  1.8254552e-001  1.5568992e-002  9.6544216e-002  3.5313927e+001  3.6360297e-001  4.0051118e-001  1.6552380e-001  3.8789628e-002  1.0080840e-001  2.0000000e+000
  2.4802144e+001  3.5064202e+000  1.8408195e+001  1.7179118e-001  2.1902634e+000  2.3551258e-001  2.0476168e+001  1.1288453e+000  2.1768115e-001  1.8062756e+000  3.1490220e-001  1.4859568e-001  2.4298898e+001  1.6102293e+000  3.2413182e-001  9.6485574e-002  5.7189218e-001  5.3859850e-001  3.6297180e-002  5.5228059e-002  3.1021023e+001  1.4743771e+000  6.7958751e-001  4.8035300e-002  6.3155993e-002  4.5979371e-001  4.8697314e-001  1.3649228e-001  5.1077771e-002  9.2314191e-002  3.4719457e+001  6.4019261e-001  8.9250949e-001  1.3441638e-001  5.7303195e-002  1.0687187e-001  2.0000000e+000
  2.4195173e+001  3.3307205e+000  1.7070467e+001  4.1267975e-001  1.6029507e+000  2.5372698e-001  1.9207953e+001  9.4235652e-001  2.9226104e-001  1.0983920e+000  4.4858091e-001  1.2722592e-001  2.3682194e+001  1.3834564e+000  2.4766641e-001  1.0295762e-001  1.1755505e+000  8.4035566e-001  1.3735236e-001  5.4526675e-002  3.1221371e+001  8.7415970e-001  4.7055911e-001  2.0071138e-002  4.6784591e-002  1.2359323e+000  1.0794807e+000  3.5432895e-001  4.6047803e-002  9.7947746e-002  3.5636329e+001  3.5402283e-001  4.3565548e-001  1.6686086e-002  6.7331951e-002  9.8907594e-002  2.0000000e+000
  2.4085798e+001  3.3123004e+000  1.6669824e+001  6.2387464e-001  1.6242112e+000  1.8799079e-001  1.8649658e+001  9.2148952e-001  2.9015468e-001  1.4218326e+000  4.4201485e-001  1.1655807e-001  2.3229060e+001  1.5863261e+000  1.9639731e-001  1.0558931e-001  1.4992764e+000  8.5025124e-001  1.5682259e-001  5.5232740e-002  3.1034974e+001  1.2248782e+000  4.2591354e-001  3.3950479e-002  5.6879140e-002  1.5940033e+000  1.3086341e+000  3.6980433e-001  5.1811893e-002  8.8792086e-002  3.5662264e+001  9.1341039e-002  4.5256539e-001  7.3346368e-002  6.0645263e-002  1.0689357e-001  2.0000000e+000
  2.3940949e+001  3.3378799e+000  1.6266529e+001  7.7065870e-001  1.8481557e+000  1.1749029e-001  1.7958316e+001  9.1597289e-001  2.4211874e-001  1.9887863e+000  4.9237847e-001  1.5460655e-001  2.2488092e+001  1.6353473e+000  1.0077282e-001  9.6108154e-002  1.8733824e+000  9.6331916e-001  1.3079332e-001  5.7000116e-002  3.0656419e+001  1.3958695e+000  1.9984298e-001  7.6667323e-002  5.0519073e-002  1.8141374e+000  1.4883334e+000  3.8563913e-001  2.8118503e-002  8.5200320e-002  3.5775810e+001  4.6783165e-001  2.0114300e-001  2.5330118e-001  6.8529972e-002  1.0980970e-001  2.0000000e+000
  2.3904299e+001  3.3926840e+000  1.6179371e+001  7.9642804e-001  2.0578005e+000  7.6070661e-002  1.7830432e+001  9.9098601e-001  2.3813251e-001  2.2896294e+000  5.1122210e-001  1.5881924e-001  2.2401288e+001  1.6661489e+000  6.7718253e-002  9.0516266e-002  2.0000582e+000  1.0124226e+000  1.2150909e-001  5.6032860e-002  3.0699153e+001  1.3792743e+000  1.0770282e-001  8.6575124e-002  6.4344824e-002  1.8297026e+000  1.5256333e+000  3.9288315e-001  3.6488085e-002  8.7509580e-002  3.5939150e+001  4.5824464e-001  2.3546912e-001  2.7416566e-001  7.9825147e-002  1.0869360e-001  2.0000000e+000
  2.2801427e+001  3.0869635e+000  1.3870531e+001  4.0138898e-001  1.0191821e+000  1.3135577e-001  1.6134251e+001  5.2882294e-001  3.7273958e-001  4.2140954e-001  1.9901740e-001  1.3063248e-001  2.2302074e+001  5.1141117e-001  4.5577909e-001  1.1641682e-001  7.0258977e-001  4.6585454e-001  1.2560316e-001  5.5882320e-002  3.1449369e+001  2.8876871e-001  8.7669421e-001  1.0398170e-001  6.2256000e-002  7.3922954e-001  6.0809058e-001  2.2382464e-001  4.2001607e-002  8.7862841e-002  3.6104990e+001  3.0068812e-001  9.1933067e-001  2.1254109e-001  1.5820080e-002  1.0281795e-001  2.0000000e+000
  2.2760446e+001  2.9425638e+000  1.3832026e+001  3.9397104e-001  6.9370548e-001  1.3639086e-001  1.6120440e+001  4.0850681e-001  3.6464827e-001  4.0119467e-001  1.4836433e-001  1.6725197e-001  2.2303439e+001  3.7434292e-001  4.5141433e-001  1.2116837e-001  5.7584534e-001  3.1236325e-001  8.7600175e-002  5.9680380e-002  3.1451613e+001  1.6820592e-001  8.7455564e-001  1.1073695e-001  4.8043851e-002  5.5358201e-001  3.2877387e-001  1.6268542e-001  5.1134201e-002  9.1832584e-002  3.6197020e+001  3.0273340e-001  9.4660933e-001  2.5839984e-001  6.9230556e-002  1.0115163e-001  2.0000000e+000
  2.2720034e+001  3.0311105e+000  1.3760984e+001  4.4679662e-001  8.9754526e-001  1.8448792e-001  1.6162293e+001  2.1982149e-001  2.3902641e-001  5.1807034e-001  8.1824413e-002  1.3067329e-001  2.2482874e+001  2.6604454e-001  5.0303828e-001  8.0295449e-002  4.4740904e-001  2.3312175e-001  6.3063983e-002  5.1893851e-002  3.1607163e+001  2.0243917e-001  8.9469503e-001  9.6834806e-002  6.7090916e-002  3.5546199e-001  2.6430927e-001  1.0712441e-001  3.8784311e-002  9.4406138e-002  3.6088240e+001  2.4997028e-001  7.8176162e-001  2.3564942e-001  1.1008334e-001  1.0306888e-001  2.0000000e+000
  2.2709504e+001  3.0865504e+000  1.3764538e+001  4.7479257e-001  1.0303912e+000  1.7562058e-001  1.6195010e+001  1.1685278e-001  1.3689628e-001  5.6357334e-001  1.5975737e-001  1.3386064e-001  2.2528194e+001  1.7113699e-001  5.3379155e-001  8.8135496e-002  4.8771547e-001  2.4822505e-001  4.1197035e-002  5.9346075e-002  3.1600499e+001  1.6580941e-001  9.1720928e-001  8.7754143e-002  5.2565016e-002  3.3630866e-001  2.8934904e-001  5.1389934e-002  3.0338493e-002  8.9948102e-002  3.5997335e+001  2.1416250e-001  7.2621899e-001  1.9505113e-001  4.6068352e-002  1.0144495e-001  2.0000000e+000
  2.2763319e+001  3.2139501e+000  1.3851698e+001  4.9220874e-001  1.3115902e+000  1.1942943e-001  1.6142505e+001  1.7251337e-001  2.3799108e-001  6.6274758e-001  2.8664782e-001  1.2664978e-001  2.2259677e+001  9.6965267e-002  4.9150285e-001  1.1076778e-001  6.6859436e-001  4.4593764e-001  9.7690889e-002  5.6024373e-002  3.1315023e+001  2.3802390e-001  8.5127550e-001  3.7310311e-002  4.5986808e-002  5.3985604e-001  5.0091930e-001  1.4953126e-001  5.9178718e-002  9.6025929e-002  3.5958691e+001  1.7390206e-001  7.4777792e-001  5.0569363e-002  9.7714278e-002  1.0395788e-001  2.0000000e+000
  2.2794234e+001  3.2646856e+000  1.3932962e+001  4.8015210e-001  1.4399106e+000  1.1098854e-001  1.6171190e+001  2.2995360e-001  3.4390053e-001  7.5529790e-001  2.1636904e-001  1.1193097e-001  2.2208908e+001  1.9654069e-001  4.6127727e-001  1.0159201e-001  5.7078773e-001  3.8713613e-001  1.2569925e-001  5.7088428e-002  3.1269079e+001  3.4166402e-001  8.3704599e-001  3.9042542e-002  6.0016247e-002  4.4313393e-001  4.5304736e-001  1.5231159e-001  5.8390667e-002  9.0506819e-002  3.6031715e+001  2.3899081e-001  8.3459041e-001  5.0877544e-002  7.1467399e-002  1.0073000e-001  2.0000000e+000
  2.2847471e+001  3.2600104e+000  1.3988155e+001  4.8493520e-001  1.4652491e+000  1.5532815e-001  1.6197245e+001  1.8924161e-001  3.6965457e-001  7.9908210e-001  5.9415320e-002  1.2087342e-001  2.2230525e+001  6.6348939e-002  4.5672331e-001  9.9450666e-002  4.3016711e-001  2.4969648e-001  1.1538380e-001  5.1735471e-002  3.1320995e+001  2.5995467e-001  8.8636659e-001  1.5533717e-002  4.6443179e-002  3.4456165e-001  2.9930468e-001  9.4932221e-002  2.5408225e-002  1.0381438e-001  3.6110638e+001  2.9563415e-001  9.4259943e-001  6.3021250e-002  4.6216018e-002  1.0413838e-001  2.0000000e+000
  2.2747820e+001  3.0505175e+000  1.3826280e+001  5.2708940e-001  9.9384210e-001  1.6632572e-001  1.6115603e+001  1.5727241e-001  2.3738649e-001  5.5511226e-001  8.5089839e-002  1.4723156e-001  2.2263532e+001  1.8053352e-001  4.7209793e-001  1.0638739e-001  3.2057630e-001  3.9161700e-001  1.2937186e-001  6.1891534e-002  3.1352222e+001  2.4993463e-001  8.1001431e-001  2.9442428e-002  6.6655203e-002  4.2498302e-001  5.5199768e-001  2.5809243e-001  6.2531966e-002  9.3801135e-002  3.6044584e+001  1.7511695e-001  6.5410037e-001  5.9460140e-002  1.1009684e-001  1.0402133e-001  2.0000000e+000
  2.2678656e+001  2.9817819e+000  1.3719395e+001  5.3102927e-001  8.1241977e-001  1.4797032e-001  1.6159457e+001  3.9345872e-001  1.6772229e-001  4.4907409e-001  4.5220047e-002  1.3573874e-001  2.2445126e+001  3.7954709e-001  5.1705224e-001  9.6008091e-002  2.3160364e-001  2.4314095e-001  2.0263670e-001  5.0981218e-002  3.1446151e+001  1.7050420e-001  8.2662256e-001  2.3647899e-002  3.7859664e-002  6.0923387e-001  4.8755626e-001  3.6477749e-001  3.5517574e-002  9.1197445e-002  3.5850485e+001  1.4082482e-001  5.7952639e-001  6.2154650e-002  8.6444806e-002  1.0623940e-001  2.0000000e+000
  2.2739498e+001  3.1303775e+000  1.3825893e+001  4.5292267e-001  1.1304431e+000  1.3838666e-001  1.6161617e+001  5.1792075e-001  3.1882201e-001  5.4819272e-001  6.2476029e-002  1.5708656e-001  2.2377412e+001  4.5103344e-001  4.9914208e-001  1.0165653e-001  2.8238309e-001  1.0738809e-001  5.2108719e-002  5.5919741e-002  3.1468055e+001  1.9203083e-001  9.1180165e-001  8.4651513e-002  6.3009906e-002  3.9521328e-001  1.9830827e-001  1.6386596e-001  5.2768337e-002  9.2777503e-002  3.5989019e+001  4.5267401e-001  8.7438642e-001  1.8053663e-001  9.8531605e-002  1.0621784e-001  2.0000000e+000
  2.4273413e+001  3.6059962e+000  1.7165113e+001  6.6769655e-001  2.6473511e+000  1.2641601e-001  1.8914616e+001  5.0571092e-001  2.8399685e-001  2.8387484e+000  7.1667640e-001  1.5916975e-001  2.3040900e+001  5.9097410e-001  1.5887385e-001  8.3844535e-002  1.9924433e+000  1.1802715e+000  1.0515157e-001  6.1599563e-002  3.0703834e+001  3.0078176e-001  4.9708010e-001  1.5076041e-001  5.5981893e-002  1.1315990e+000  1.2179913e+000  2.5454232e-001  7.8701138e-002  9.5518928e-002  3.5588910e+001  8.9144772e-001  9.6373512e-001  4.3952163e-001  7.9972347e-002  1.0620271e-001  2.0000000e+000
  2.4321707e+001  3.6856548e+000  1.7293286e+001  6.8564354e-001  2.8076982e+000  5.0411928e-002  1.9034212e+001  8.3774785e-001  2.7512120e-001  2.9908655e+000  6.2390574e-001  1.4620757e-001  2.2989308e+001  8.1702290e-001  1.0209425e-001  1.1792678e-001  1.9946173e+000  1.0900249e+000  1.1243443e-001  5.6845826e-002  3.0409837e+001  6.6092486e-002  3.5832742e-001  1.3796429e-001  5.2091737e-002  1.0490418e+000  1.0796225e+000  2.6590963e-001  1.2408324e-002  9.6313170e-002  3.5222585e+001  8.9306978e-001  7.5660490e-001  3.2849642e-001  1.3460892e-002  1.0048018e-001  2.0000000e+000
  2.4348055e+001  3.5771157e+000  1.7358878e+001  6.1109124e-001  2.4524974e+000  1.5325325e-001  1.9016250e+001  1.1547117e+000  2.9542690e-001  2.4241360e+000  4.9245056e-001  1.0989242e-001  2.2702266e+001  1.2201683e+000  1.4500634e-001  1.0849669e-001  1.5714564e+000  9.9814695e-001  1.9672064e-001  5.7710713e-002  2.9792006e+001  4.2606950e-001  1.9759105e-001  2.7546483e-002  6.4238715e-002  1.0319296e+000  1.1481106e+000  4.4548092e-001  2.9174490e-002  9.1124297e-002  3.4550252e+001  6.9279855e-001  1.1003060e-001  1.0454183e-001  7.5316605e-002  1.0196286e-001  2.0000000e+000
  2.4603618e+001  3.5204059e+000  1.7957558e+001  4.1860985e-001  2.2593521e+000  2.1967075e-001  1.9589665e+001  1.0920632e+000  2.4793532e-001  1.9712133e+000  3.6144297e-001  1.4045118e-001  2.3069599e+001  1.2262540e+000  1.7453733e-001  1.0065959e-001  1.0154148e+000  7.9977406e-001  1.4859568e-001  5.7326944e-002  2.9890498e+001  6.9060445e-001  3.0671874e-001  1.3133341e-002  4.9130720e-002  9.0793065e-001  8.2081879e-001  3.5292198e-001  4.5454920e-002  9.3400732e-002  3.4271634e+001  3.3327216e-001  2.5798062e-001  2.4790834e-002  2.6222812e-002  1.1189917e-001  2.0000000e+000
  2.4812947e+001  3.4815003e+000  1.8404839e+001  2.9637011e-001  2.1203240e+000  2.3554484e-001  2.0002500e+001  8.5245712e-001  2.1442134e-001  1.6699498e+000  3.2685878e-001  1.5807746e-001  2.3294997e+001  1.0612561e+000  1.8481501e-001  8.9938671e-002  5.2605886e-001  7.2563113e-001  8.1226580e-002  5.5931696e-002  3.0021622e+001  8.8261624e-001  3.2316346e-001  3.1057030e-002  5.4894485e-002  9.2908574e-001  7.5436135e-001  2.8122356e-001  3.5985887e-002  9.1152849e-002  3.4298875e+001  1.4539475e-001  3.0420201e-001  7.6508281e-002  5.0092415e-002  1.0545469e-001  2.0000000e+000
  2.4727539e+001  3.4321935e+000  1.8245014e+001  3.1525825e-001  1.9904968e+000  2.2870056e-001  1.9900517e+001  6.4477420e-001  2.5584185e-001  1.5073930e+000  3.1492104e-001  1.4466898e-001  2.3348274e+001  9.4427450e-001  1.6817382e-001  9.7160970e-002  2.8842453e-001  6.6396344e-001  7.0779530e-002  5.8542085e-002  3.0208802e+001  8.8948249e-001  3.6747935e-001  3.3284061e-002  5.5122438e-002  8.5305283e-001  7.4601010e-001  2.6460646e-001  3.0116787e-002  9.7552473e-002  3.4494915e+001  2.4077993e-001  4.8214126e-001  1.0852148e-001  1.4287363e-002  9.9778616e-002  2.0000000e+000
  2.4548538e+001  3.3680143e+000  1.7783147e+001  4.4351925e-001  1.8146356e+000  2.0967418e-001  1.9411560e+001  5.0352621e-001  2.8844438e-001  1.3477325e+000  3.2177374e-001  1.4274218e-001  2.3100000e+001  9.3902676e-001  1.7163908e-001  9.5272720e-002  1.8237931e-001  6.7745504e-001  1.1112574e-001  5.2151819e-002  3.0368625e+001  9.1958451e-001  4.1056254e-001  6.0792658e-002  4.3153788e-002  8.3506423e-001  8.7406004e-001  3.3514477e-001  2.8384484e-002  9.0660951e-002  3.4949680e+001  2.9239450e-001  5.4487405e-001  2.3148067e-001  5.0793682e-002  1.0332046e-001  2.0000000e+000
  2.4268400e+001  3.3571605e+000  1.7328772e+001  5.4149039e-001  1.8261558e+000  2.4407273e-001  1.9278982e+001  3.5280735e-001  2.8661869e-001  1.6149286e+000  5.7332846e-001  1.1137572e-001  2.3276219e+001  4.3674872e-001  1.1533112e-001  1.1526809e-001  1.2053529e+000  8.8518517e-001  1.6963834e-001  5.5368022e-002  3.0435408e+001  3.2953512e-001  1.9630057e-001  8.7751832e-002  5.6427636e-002  7.9546109e-001  8.0881658e-001  3.2351246e-001  2.7526312e-002  9.3004452e-002  3.4964772e+001  1.0972314e+000  3.9329845e-001  2.1767915e-001  5.8383072e-002  1.1041885e-001  2.0000000e+000
  2.4160237e+001  3.3357342e+000  1.6967885e+001  6.6731343e-001  1.8555125e+000  1.6696198e-001  1.8614262e+001  5.1071570e-001  2.6084505e-001  1.8413941e+000  5.5058219e-001  1.4917834e-001  2.2591448e+001  7.9803949e-001  5.2691079e-002  1.0502422e-001  1.4163096e+000  9.8670219e-001  1.5180417e-001  5.5871977e-002  3.0114262e+001  2.3442277e-001  1.2993613e-001  6.6538332e-002  5.1675822e-002  1.1537135e+000  1.2924620e+000  3.7585050e-001  3.3894120e-002  8.9492135e-002  3.5050324e+001  6.2399529e-001  4.6967275e-001  2.5877739e-001  3.8620544e-002  1.0465243e-001  2.0000000e+000
  2.4145338e+001  3.2654010e+000  1.6839443e+001  7.4404570e-001  1.6542625e+000  1.2184218e-001  1.8234436e+001  7.7194850e-001  2.1990856e-001  1.5628375e+000  4.9404798e-001  1.6194011e-001  2.1993472e+001  1.2499649e+000  1.6441070e-001  9.8685283e-002  1.1005822e+000  9.5481882e-001  1.2846204e-001  5.0055222e-002  2.9486954e+001  9.4554473e-001  2.6601126e-001  2.4437110e-002  5.8095340e-002  1.1072856e+000  1.4421203e+000  4.4876238e-001  4.8316551e-002  9.4437172e-002  3.4455751e+001  3.1091866e-001  1.4881613e-001  1.0874979e-001  7.2905400e-002  1.1099797e-001  2.0000000e+000
  2.3732376e+001  3.6429096e+000  1.6043887e+001  7.3793986e-001  2.7828415e+000  9.9496580e-002  1.7906848e+001  7.4592255e-001  2.7944937e-001  3.0520558e+000  6.9739356e-001  1.5856290e-001  2.2738250e+001  1.0968326e+000  1.3855458e-001  7.7045614e-002  2.2109186e+000  1.1644425e+000  8.7105846e-002  6.2135016e-002  3.1160830e+001  6.6316429e-001  4.3943807e-001  1.4645860e-001  5.8048924e-002  1.3153230e+000  1.2235687e+000  1.9353447e-001  8.1752898e-002  9.6849304e-002  3.6342222e+001  7.3531695e-001  8.6060988e-001  4.2800402e-001  7.7739607e-002  1.0795134e-001  2.0000000e+000
  2.3783679e+001  3.6796882e+000  1.6128077e+001  7.5661790e-001  2.8465068e+000  3.8109044e-002  1.7974708e+001  1.0508574e+000  2.5580053e-001  3.1105859e+000  5.9433867e-001  1.4641274e-001  2.2716612e+001  1.3779192e+000  8.5369802e-002  1.1506963e-001  2.1831335e+000  1.0676482e+000  7.4832704e-002  4.5487344e-002  3.1029720e+001  7.5978659e-001  3.0310004e-001  1.3926126e-001  5.3668181e-002  1.2732620e+000  1.1195667e+000  2.1375906e-001  5.7576105e-003  8.9190803e-002  3.6121631e+001  5.1586698e-001  6.6655209e-001  3.6328172e-001  1.4598908e-002  1.0797519e-001  2.0000000e+000
  2.3861561e+001  3.6832384e+000  1.6385890e+001  6.3847817e-001  2.8332577e+000  1.3859945e-001  1.8362457e+001  1.3273975e+000  2.8076435e-001  3.0242148e+000  5.5810565e-001  1.2403927e-001  2.2924480e+001  1.5286760e+000  1.2717828e-001  1.2242376e-001  2.1122530e+000  9.9606233e-001  1.4427847e-001  5.0747304e-002  3.0763510e+001  6.8454316e-001  2.3805960e-001  8.8101862e-002  6.1201813e-002  1.2118715e+000  8.7366851e-001  3.0420149e-001  4.6615637e-002  9.1757311e-002  3.5544849e+001  6.5308360e-001  3.0544037e-001  2.4084231e-001  7.7080897e-002  1.0638359e-001  2.0000000e+000
  2.4062621e+001  3.6036810e+000  1.6955669e+001  4.1911109e-001  2.5698427e+000  2.5212855e-001  1.8981098e+001  1.3831177e+000  2.3785583e-001  2.5467915e+000  4.7521706e-001  1.3265033e-001  2.3151483e+001  1.5417479e+000  2.5327031e-001  9.1281500e-002  1.7804603e+000  8.1417930e-001  1.8511108e-001  6.0149480e-002  3.0379315e+001  7.4585093e-001  3.7420405e-001  5.4500850e-002  5.2441425e-002  1.0511576e+000  5.3912081e-001  3.8283065e-001  3.6351221e-002  9.5254372e-002  3.4810876e+001  4.6602196e-001  1.2415718e-001  1.3686045e-001  8.7987572e-003  1.1050627e-001  2.0000000e+000
  2.4188466e+001  3.5202636e+000  1.7226331e+001  2.8795318e-001  2.3233981e+000  2.6881915e-001  1.9253081e+001  1.3905722e+000  1.9392338e-001  2.1562583e+000  4.0744594e-001  1.6163116e-001  2.3296097e+001  1.6573261e+000  3.0417564e-001  9.1811353e-002  1.4776325e+000  7.0912834e-001  1.7007681e-001  5.5806788e-002  3.0329793e+001  9.9867414e-001  4.9818889e-001  3.5017090e-002  4.8688448e-002  9.9879062e-001  4.5154094e-001  3.7541187e-001  5.1011836e-002  1.0054741e-001  3.4519832e+001  2.7242716e-001  3.1914874e-001  9.3578517e-002  4.7190621e-002  9.8007340e-002  2.0000000e+000
  2.4251334e+001  3.3494973e+000  1.7367506e+001  1.2087050e-001  1.7855688e+000  2.3437825e-001  1.9351364e+001  1.2321435e+000  1.8815883e-001  1.2760457e+000  2.7778724e-001  1.6238948e-001  2.3317358e+001  1.6050559e+000  3.4532332e-001  8.4421932e-002  8.1661177e-001  4.5196881e-001  9.0885848e-002  5.9605818e-002  3.0293977e+001  1.1402109e+000  6.4403998e-001  3.2859971e-002  5.5695733e-002  8.3268456e-001  2.4375686e-001  2.7573547e-001  3.4253777e-002  9.4658367e-002  3.4427360e+001  1.0750909e-001  6.2814114e-001  9.6472324e-002  4.7005995e-002  1.0328417e-001  2.0000000e+000
  2.4160371e+001  3.2944558e+000  1.7169368e+001  3.0566706e-001  1.7197645e+000  1.6764728e-001  1.9207167e+001  9.8394068e-001  2.6509753e-001  1.2410248e+000  2.9011149e-001  1.2734444e-001  2.3412211e+001  1.4991471e+000  2.2516869e-001  9.1349474e-002  5.2218667e-001  3.2728281e-001  1.0111529e-001  6.1528691e-002  3.0687415e+001  1.2365488e+000  5.2834981e-001  2.7445251e-002  5.1467992e-002  6.9127275e-001  3.1363410e-001  1.9431634e-001  3.0350953e-002  9.3081543e-002  3.4866245e+001  1.6914623e-001  7.3281135e-001  8.8037806e-002  2.8422013e-002  9.7268497e-002  2.0000000e+000
  2.3734888e+001  3.1702837e+000  1.6202984e+001  5.5879134e-001  1.3105390e+000  1.8095692e-001  1.8247261e+001  8.3141561e-001  2.8470278e-001  8.9226176e-001  2.5863363e-001  1.3252762e-001  2.3043749e+001  1.3800547e+000  1.1298805e-001  1.0687205e-001  7.4886796e-001  5.2806752e-001  1.1157981e-001  6.7473440e-002  3.1086779e+001  8.8196368e-001  2.1483303e-001  8.0160265e-002  5.7351829e-002  8.5892347e-001  8.0749742e-001  2.6832746e-001  6.4515065e-002  8.9277259e-002  3.5820773e+001  4.8783080e-001  1.6297066e-001  2.0868173e-001  8.7324812e-002  1.0402546e-001  2.0000000e+000
  2.3584322e+001  3.1610985e+000  1.5828108e+001  7.4100383e-001  1.4288147e+000  1.7808885e-001  1.7813432e+001  8.2831423e-001  2.5050649e-001  1.3958520e+000  3.6708342e-001  1.4778751e-001  2.2780634e+001  1.3397672e+000  2.0938013e-002  1.1812914e-001  1.1521437e+000  7.0507012e-001  9.9465001e-002  5.4432070e-002  3.1172161e+001  7.4086349e-001  6.9960569e-002  1.2594805e-001  4.7118626e-002  1.0496682e+000  1.0311277e+000  2.7612050e-001  1.3127151e-002  9.1748307e-002  3.6229928e+001  5.6634828e-001  3.5224915e-001  3.7571885e-001  2.9407453e-002  9.9435366e-002  2.0000000e+000
  2.3595255e+001  3.1028095e+000  1.5777853e+001  7.9071971e-001  1.3244560e+000  1.7372823e-001  1.7597222e+001  9.4186294e-001  2.4635817e-001  1.3098349e+000  3.9815254e-001  1.6887089e-001  2.2326105e+001  1.4777347e+000  5.9804450e-002  8.2905111e-002  1.1004318e+000  7.4867796e-001  1.0992515e-001  4.8572155e-002  3.0621666e+001  1.0221946e+000  1.0012857e-001  1.0645238e-001  5.7469905e-002  1.3309483e+000  1.2062784e+000  3.8529622e-001  7.8816284e-002  9.3662671e-002  3.5803005e+001  6.2277749e-002  2.8406584e-001  3.1941756e-001  9.3677735e-002  1.0543203e-001  2.0000000e+000
  2.2293240e+001  3.2229786e+000  1.4880329e+001  2.7965813e-001  1.2212732e+000  2.1243031e-001  1.9088977e+001  9.7995548e-001  5.4579993e-001  2.7934111e-001  2.1048790e-001  1.2911545e-001  2.2998470e+001  4.8884906e-001  3.5733913e-001  4.3030023e-001  3.7879031e-001  2.2409722e-001  8.3286020e-002  9.6417024e-002  2.9590511e+001  1.1281534e+000  1.8797282e-001  7.1204389e-001  2.3251619e-002  2.9509327e-001  1.3023602e-001  1.4555788e-001  1.2444099e-001  1.0668905e-001  3.5232518e+001  4.7541417e-002  1.4081519e-001  3.9420591e-002  1.6366685e-001  2.5004263e-001  3.0000000e+000
  2.2309803e+001  3.2250631e+000  1.4869629e+001  2.0637384e-001  1.2981676e+000  1.8776772e-001  1.8925280e+001  8.4104355e-001  4.6329363e-001  5.2692643e-001  1.8507768e-001  1.9850745e-001  2.2921553e+001  3.8349520e-001  3.5785759e-001  3.5740688e-001  5.2488279e-001  4.3379954e-001  1.5385978e-001  1.7368001e-001  2.9682572e+001  9.9989915e-001  1.6870623e-001  6.5738539e-001  8.8860893e-002  1.3202090e-001  1.2431736e-002  8.6195093e-002  1.8928543e-001  9.9905368e-002  3.5230931e+001  1.2830747e-001  2.1679355e-001  9.5540012e-002  5.5919293e-002  1.1196869e-001  3.0000000e+000
  2.2189278e+001  3.1253516e+000  1.4778003e+001  4.3412361e-001  1.3769118e+000  1.7734006e-001  1.9040962e+001  5.9765603e-001  2.9329305e-001  6.8561787e-001  1.7242627e-001  9.8909229e-002  2.3121847e+001  5.2654365e-001  5.4008920e-001  2.5856035e-001  5.7370108e-001  2.8916120e-001  1.1915906e-001  4.0291078e-002  2.9703316e+001  9.2326021e-001  8.2200347e-002  6.4416189e-001  8.4142070e-002  2.2807489e-001  1.1371146e-001  2.0042080e-001  6.2358318e-002  1.2691433e-001  3.4963285e+001  2.9363515e-002  4.7034453e-001  5.1719560e-002  6.0614739e-002  2.7892762e-001  3.0000000e+000
  2.2125882e+001  3.0995738e+000  1.4693966e+001  6.7347562e-001  1.3579558e+000  1.4610201e-001  1.9048344e+001  5.2968651e-001  1.5306042e-001  8.3816212e-001  3.1240129e-001  3.6490701e-002  2.3182513e+001  5.7127568e-001  6.3368957e-001  3.3209112e-001  4.5765630e-001  3.6473208e-001  5.8287252e-002  8.7387746e-002  2.9790485e+001  1.0113937e+000  1.7921152e-002  6.5320656e-001  5.2425728e-002  3.3829782e-001  2.8655667e-001  2.6645034e-001  4.3512328e-002  9.0415597e-002  3.5000870e+001  2.7497863e-002  4.1691306e-001  8.1897752e-002  8.0850686e-002  1.1805081e-001  3.0000000e+000
  2.2095614e+001  3.1276381e+000  1.4646729e+001  7.7112103e-001  1.4307465e+000  1.6292789e-001  1.9070463e+001  4.1160929e-001  3.0080551e-001  8.2608985e-001  2.8925163e-001  1.5255894e-001  2.3292761e+001  5.9354020e-001  7.0941001e-001  4.1647323e-001  4.2529519e-001  1.5850873e-001  9.0656694e-002  1.1437063e-001  2.9740731e+001  9.1397347e-001  5.1083309e-003  5.7531744e-001  8.3873564e-002  3.4973834e-001  3.7091862e-001  2.9549583e-001  5.1653881e-002  6.4853189e-002  3.4800481e+001  1.6060851e-001  5.7074158e-001  1.0524335e-001  2.1477694e-001  2.0197789e-001  3.0000000e+000
  2.2113257e+001  3.3146643e+000  1.4684620e+001  7.7330955e-001  1.4274842e+000  1.1374027e-001  1.9188087e+001  2.5249938e-001  5.9793224e-001  4.9041172e-001  1.5362840e-001  2.5390421e-001  2.3309058e+001  5.3988588e-001  7.1643645e-001  3.1225090e-001  4.7218193e-001  4.3473827e-001  3.5427456e-001  7.7507967e-002  2.9557233e+001  6.6827037e-001  1.5122632e-001  4.0020116e-001  1.7107288e-001  2.4109113e-001  3.2459351e-001  2.4622167e-001  2.0636862e-001  1.2089126e-001  3.4627545e+001  3.6210000e-001  6.6176451e-001  2.4316052e-001  3.4044033e-001  2.0402747e-001  3.0000000e+000
  2.2135174e+001  3.1776263e+000  1.4506391e+001  8.3663213e-001  1.4654523e+000  8.6301684e-002  1.8887092e+001  3.9612735e-001  6.9752133e-001  9.5332478e-001  3.0971241e-001  2.2340179e-001  2.3479608e+001  4.7083552e-001  7.9267919e-001  1.3601665e-001  2.1593995e-001  9.3178142e-002  1.6263387e-001  2.5234057e-002  2.9980427e+001  8.9348213e-001  1.7621101e-001  4.8058977e-001  8.3745250e-002  3.8267127e-001  4.8415882e-001  4.3443950e-001  1.5161710e-001  5.9812609e-002  3.4723678e+001  9.4920038e-002  4.1923073e-001  6.7760536e-002  2.6213750e-001  1.4174624e-001  3.0000000e+000
  2.2110301e+001  3.3862746e+000  1.4675299e+001  8.1106017e-001  1.4906149e+000  9.8262045e-002  1.9155354e+001  4.6892549e-001  4.5293251e-001  5.3960240e-001  1.5065734e-001  1.5999492e-001  2.3319786e+001  4.3401754e-001  7.7098159e-001  3.4408105e-001  4.8840838e-001  4.0101609e-001  3.7466040e-001  5.5899445e-002  2.9608634e+001  7.1123762e-001  9.8788303e-002  4.3005078e-001  1.5541205e-001  1.5546544e-001  2.5547705e-001  2.0416065e-001  1.2323420e-001  1.1071392e-001  3.4629135e+001  3.3451552e-001  7.2668445e-001  2.4103675e-001  3.5294458e-001  7.8790052e-002  3.0000000e+000
  2.2140739e+001  3.5470657e+000  1.4856468e+001  7.3368163e-001  1.5140347e+000  1.0830806e-001  1.9263080e+001  6.7355112e-001  1.8638895e-001  2.7812368e-001  3.6883807e-001  3.7471161e-001  2.3047375e+001  3.0806536e-001  5.9266258e-001  2.6957444e-001  6.1021539e-001  6.2562642e-001  4.4473587e-001  1.3012862e-001  2.9395496e+001  6.9685938e-001  2.5806208e-001  3.3450542e-001  1.3306718e-001  2.0527945e-001  1.9362845e-001  5.0589640e-002  1.7951384e-001  9.8250757e-002  3.4901165e+001  1.6146924e-001  4.8296837e-001  1.8948130e-001  1.5054502e-001  2.0083898e-001  3.0000000e+000
  2.2162850e+001  3.4722941e+000  1.4844537e+001  5.5981043e-001  1.4327897e+000  1.8850524e-001  1.9141342e+001  8.9058563e-001  3.5048736e-001  1.8543597e-001  3.3699949e-001  2.5098370e-001  2.2958213e+001  3.2021687e-001  5.1832616e-001  1.7476421e-001  5.8111965e-001  5.6743075e-001  3.7036566e-001  1.7316755e-001  2.9403186e+001  8.3208533e-001  1.9722965e-001  4.9636320e-001  6.1094854e-002  1.6892953e-001  1.0275524e-001  6.2088820e-002  2.0099043e-001  1.1875941e-001  3.4953100e+001  7.5344298e-002  3.0135088e-001  5.8686041e-002  1.0664656e-001  7.3456067e-002  3.0000000e+000
  2.3703812e+001  3.8417360e+000  1.7469960e+001  8.2588466e-001  2.5847185e+000  5.2422674e-001  2.0164988e+001  6.4487631e-001  3.7495336e-001  1.5481816e+000  1.3121847e+000  3.5192191e-001  2.3471942e+001  2.1646901e+000  7.9233342e-001  2.4851093e-001  8.2740441e-002  2.5928403e-001  3.6770038e-001  1.4849712e-001  3.1686917e+001  1.7703617e+000  1.6970225e+000  8.4698924e-001  2.5672341e-001  8.1338885e-001  1.1071692e+000  6.7753416e-001  6.0863375e-001  2.9552204e-001  3.7176248e+001  4.8154972e-001  1.4031745e+000  8.6099032e-001  6.0031015e-001  1.8066095e-001  3.0000000e+000
  2.3651109e+001  3.8392626e+000  1.7351851e+001  8.9274207e-001  2.7332286e+000  5.0480382e-001  1.9964376e+001  2.8119641e-001  2.7822119e-001  1.8876870e+000  1.3886418e+000  3.3863031e-001  2.3299692e+001  1.9990752e+000  6.5688862e-001  2.9780112e-001  3.3797019e-001  5.9795028e-001  4.3092499e-001  1.0176192e-001  3.1710893e+001  1.8810818e+000  1.7932955e+000  8.3177644e-001  2.7612288e-001  3.5701875e-001  7.9380548e-001  3.4205392e-001  2.9466459e-001  8.4646764e-002  3.7518331e+001  7.9007432e-001  1.7506386e+000  1.0821428e+000  6.4574654e-001  1.1852356e-001  3.0000000e+000
  2.3717190e+001  3.9471972e+000  1.8234388e+001  6.7771825e-001  2.3410525e+000  6.2198286e-001  2.0230693e+001  6.2304530e-001  4.2852456e-001  9.4619499e-001  2.3462296e-001  1.1081411e-001  2.2600038e+001  1.6992369e+000  7.0477039e-001  3.7046806e-001  1.1073435e+000  1.2622847e+000  4.6902716e-001  1.8193874e-001  3.0398072e+001  2.2040571e-001  1.1072766e+000  1.4503893e-001  1.8547550e-001  1.7006405e+000  1.6825133e+000  1.3605771e+000  7.3494279e-001  3.9559079e-001  3.4906353e+001  8.7038744e-001  3.9251470e-001  3.7995310e-001  3.1034605e-001  1.2524930e-001  3.0000000e+000
  2.4022737e+001  3.9046293e+000  1.8493390e+001  5.5417247e-001  1.9791887e+000  7.5088842e-001  2.0129038e+001  3.9384535e-001  3.3775836e-001  7.5714500e-001  5.1063317e-001  2.1807786e-001  2.2188577e+001  1.7221984e+000  3.3547445e-001  1.5288893e-001  8.5773331e-001  1.0143060e+000  4.5602528e-001  1.5724622e-001  3.0602574e+001  1.6939442e-001  1.2126902e+000  5.9584289e-002  1.8017169e-001  1.3336776e+000  1.3232415e+000  1.0938624e+000  4.8732140e-001  1.9790898e-001  3.5765235e+001  7.2116014e-001  2.9162698e-001  9.7094506e-002  1.0290726e-001  2.7574472e-001  3.0000000e+000
  2.4142697e+001  3.8652772e+000  1.8371498e+001  4.4524666e-001  2.0049311e+000  7.2146226e-001  2.0074368e+001  2.9154220e-001  3.0354466e-001  6.3212795e-001  1.0047001e+000  2.7703197e-001  2.2186088e+001  1.6788344e+000  2.8788558e-002  1.0142012e-001  4.8004524e-001  4.1223020e-001  5.9284670e-001  7.6868710e-002  3.0482535e+001  7.3140332e-001  1.0597630e+000  9.5702287e-002  1.0864797e-001  1.1374713e+000  1.0512178e+000  6.3643159e-001  2.3848812e-001  2.2652889e-001  3.6608259e+001  3.2791832e-001  1.0202575e+000  2.4415114e-001  2.4253649e-001  1.9786060e-001  3.0000000e+000
  2.4332379e+001  3.7324086e+000  1.8835047e+001  3.0483065e-001  1.2785858e+000  8.1063841e-001  1.9620453e+001  6.0259144e-001  3.4469269e-001  4.3740670e-001  2.9752896e-001  4.9125454e-001  2.1968818e+001  1.5432523e+000  1.3375998e-001  1.4600286e-001  6.9758908e-001  3.1928296e-001  2.7477631e-001  1.1134240e-001  3.0913434e+001  1.0174666e-001  1.0819847e+000  1.4671040e-001  1.9938563e-001  4.1131478e-001  6.7487293e-001  3.2636820e-001  2.2228901e-001  2.2859413e-001  3.6054001e+001  2.1579065e-001  6.2120567e-001  3.9859368e-001  1.7508591e-001  2.2482428e-001  3.0000000e+000
  2.4104505e+001  3.5983444e+000  1.8495032e+001  3.7543025e-001  1.2148980e+000  8.3972140e-001  1.9281764e+001  8.2521317e-001  6.2253194e-001  1.5196720e+000  7.0358659e-001  4.6525438e-001  2.2494832e+001  1.0939540e+000  3.9111533e-001  3.2696930e-001  9.7382488e-001  8.7199781e-001  2.2472099e-001  5.4063308e-002  3.0459691e+001  3.3034838e-001  7.5761151e-001  2.1577550e-001  3.1841804e-002  6.6746379e-001  6.9951965e-001  3.2890155e-001  5.4653862e-002  2.5229926e-001  3.5143473e+001  3.1267483e-001  3.5600122e-001  3.4156349e-001  4.3561579e-002  1.6791266e-001  3.0000000e+000
  2.3756227e+001  3.8046038e+000  1.7902541e+001  7.1957048e-001  2.5599875e+000  7.6528492e-001  2.0168925e+001  8.7383420e-001  4.5645037e-001  1.9953355e+000  1.2673565e+000  1.6965691e-001  2.2901052e+001  2.1956619e+000  5.4989930e-001  3.0765207e-001  7.8990292e-001  6.7107840e-001  3.7952197e-001  4.5114824e-002  3.1147326e+001  8.4732828e-001  1.3401103e+000  3.6849290e-001  2.0925528e-001  3.2538340e-001  4.0743025e-001  1.9528239e-001  3.5322983e-001  1.2763201e-001  3.6114635e+001  3.3415814e-001  3.5116249e-001  1.8110149e-001  4.6140169e-002  2.1627879e-001  3.0000000e+000
  2.3697909e+001  3.9070078e+000  1.7696140e+001  8.0364262e-001  3.0722639e+000  6.5565003e-001  2.0325380e+001  7.4468923e-001  4.5279111e-001  2.3059244e+000  1.4511405e+000  3.1624752e-001  2.3101650e+001  2.0894130e+000  7.3211820e-001  2.6702691e-001  6.5784883e-001  5.3257216e-001  3.4589475e-001  1.4210369e-001  3.0995390e+001  1.1011291e+000  1.2344622e+000  6.2078555e-001  1.5319112e-001  3.7314886e-001  6.7681504e-001  2.8797395e-001  5.3252059e-001  2.8940750e-001  3.6219458e+001  4.5757096e-001  4.8745000e-001  1.3887153e-001  2.5155662e-001  7.4928128e-002  3.0000000e+000
  2.3691011e+001  3.9583844e+000  1.7500341e+001  8.5103177e-001  3.2978532e+000  6.3992618e-001  2.0063919e+001  5.6499340e-001  3.8084333e-001  2.5713896e+000  1.6895997e+000  3.6403568e-001  2.3035268e+001  1.8376876e+000  6.3624070e-001  2.1551030e-001  8.2644835e-001  8.7881268e-001  4.6563326e-001  1.4911591e-001  3.1045749e+001  1.1782536e+000  1.2199321e+000  6.4108567e-001  2.2080226e-001  2.7270991e-001  6.1826706e-001  1.6312298e-001  5.0215128e-001  2.5350982e-001  3.6462494e+001  2.2931464e-001  7.0272746e-001  2.5097154e-001  3.8162215e-001  1.2468449e-001  3.0000000e+000
  2.7705139e+001  4.3965095e+000  2.6539119e+001  5.2210627e-001  3.6308985e+000  5.8451816e-001  2.8857661e+001  3.2757320e+000  7.0912634e-001  1.4657992e+000  1.4394064e+000  2.0864016e-001  2.7573024e+001  4.3177060e+000  9.7786440e-001  4.8783710e-002  1.8197087e+000  8.3825554e-001  6.7693356e-001  3.0626678e-001  3.0197613e+001  2.0971971e+000  2.6013510e-001  2.7679170e-001  1.8793681e-001  2.1845243e+000  2.1029138e+000  1.1217312e+000  8.5957009e-001  1.0067220e-001  3.3765012e+001  1.5059166e+000  1.3094773e+000  1.3016009e+000  6.4823960e-001  1.9114147e-002  3.0000000e+000
  2.7765753e+001  4.6804308e+000  2.6481120e+001  2.5757912e-001  4.5975124e+000  6.7332892e-001  2.8634192e+001  2.6062341e+000  4.5727395e-001  2.6838927e+000  1.7065052e+000  8.3696046e-002  2.7708780e+001  4.2385784e+000  6.9902159e-001  1.7880768e-001  1.1073483e+000  3.1739279e-001  6.6523031e-001  2.9425107e-001  3.1129453e+001  2.7287414e+000  5.4515989e-001  1.1957965e-001  9.1925471e-002  2.0308172e+000  2.1431425e+000  1.2676678e+000  1.0454798e+000  1.4504620e-001  3.5058365e+001  1.0253029e+000  6.0947937e-001  1.1295359e+000  4.5115126e-001  1.4120252e-001  3.0000000e+000
  2.7816822e+001  4.8266544e+000  2.6767752e+001  5.1406579e-001  4.5151291e+000  8.0310243e-001  2.8685165e+001  2.2358588e+000  2.4610810e-001  2.3033163e+000  1.7508353e+000  2.4479942e-001  2.7189761e+001  4.4354274e+000  2.2782534e-001  1.1533269e-001  1.1202004e+000  4.1167354e-001  4.6451155e-001  3.1766881e-001  3.0913320e+001  2.8878984e+000  3.9455185e-001  3.1087123e-001  1.5612975e-001  1.8622317e+000  1.8958414e+000  1.0831868e+000  1.1118194e+000  1.9030522e-001  3.5553033e+001  1.2908601e+000  5.4610992e-001  1.3586543e+000  2.6347686e-001  8.3365815e-002  3.0000000e+000
  2.8144929e+001  5.0181848e+000  2.7092719e+001  7.4142459e-001  4.4588132e+000  9.6437618e-001  2.8261863e+001  2.0895686e+000  1.6360376e-001  6.4640576e-001  2.0020447e+000  2.5214094e-001  2.6363054e+001  3.8080960e+000  1.4186896e-001  1.5985716e-001  2.0647085e+000  1.1616961e+000  2.4308787e-001  3.9318588e-001  3.0153868e+001  2.0230795e+000  1.4978304e-001  5.2887670e-001  9.5335343e-002  1.3012128e+000  1.6363980e+000  5.4576071e-001  1.0458144e+000  1.8576642e-001  3.5273928e+001  1.5912177e+000  4.8463214e-001  1.5614268e+000  4.7521804e-001  1.1108080e-001  3.0000000e+000
  2.8816908e+001  5.7871467e+000  2.7848458e+001  1.1973018e+000  5.6893006e+000  1.0459697e+000  2.7746675e+001  2.1588799e+000  5.5716211e-001  2.3911384e+000  2.3634887e+000  1.4834811e-001  2.5740185e+001  3.4396499e+000  1.0205634e+000  1.1886446e-001  1.0763848e+000  1.8886048e+000  4.0202970e-001  3.0492599e-001  3.0717622e+001  2.3494696e+000  5.0027854e-001  4.7844612e-001  3.1586409e-001  6.9590359e-001  6.0311403e-001  6.1896540e-001  9.4280884e-001  1.9361750e-001  3.6265201e+001  2.4144291e-001  1.7988891e+000  1.0791374e+000  9.5612036e-001  1.1518732e-001  3.0000000e+000
  2.8465278e+001  6.0813849e+000  2.6703473e+001  1.3590907e+000  6.8502359e+000  1.3089773e+000  2.7043122e+001  2.6673214e+000  3.6236426e-001  3.7098269e+000  2.8886334e+000  2.5124852e-001  2.6166919e+001  3.2046682e+000  4.7057584e-001  1.4970721e-001  2.5888574e+000  1.8629116e+000  3.7669945e-001  4.5738001e-001  3.0355309e+001  1.4950166e+000  6.2923953e-001  4.4118029e-001  1.3240937e-001  3.4015584e-001  1.1258743e+000  7.9563181e-001  1.4505628e+000  2.6199700e-001  3.4876489e+001  7.2917673e-001  6.2375942e-001  1.0465376e+000  5.0875741e-001  1.2547953e-001  3.0000000e+000
  2.8044215e+001  5.6927191e+000  2.6838699e+001  9.9171140e-001  6.5214234e+000  1.0316136e+000  2.8215507e+001  3.0757856e+000  2.0238257e-001  4.3408456e+000  2.3511221e+000  3.0677558e-001  2.6553233e+001  4.1264620e+000  4.1798879e-001  1.4707231e-001  1.7761009e+000  1.1444586e+000  6.5048083e-001  3.4055651e-001  2.9848693e+001  1.6765737e+000  4.9124399e-001  4.9058910e-001  6.4439007e-002  8.1227080e-001  1.3015436e+000  1.3340226e+000  1.3003144e+000  8.7391371e-002  3.4433481e+001  1.9552377e+000  9.9795551e-001  1.6423974e+000  4.1172131e-001  1.3875866e-001  3.0000000e+000
  2.7974344e+001  5.7854102e+000  2.6297116e+001  6.1200414e-001  7.6116424e+000  9.0764992e-001  2.7116938e+001  2.3087531e+000  4.0680100e-001  6.3574512e+000  2.4287224e+000  1.4057403e-001  2.5571676e+001  3.1691653e+000  4.0077939e-001  9.3691291e-002  2.0118234e+000  1.3397705e+000  8.5445761e-001  3.4901511e-001  2.9687895e+001  1.6302200e+000  3.2236633e-001  5.2777193e-001  3.6062332e-002  1.4152434e+000  1.4675207e+000  1.8772872e+000  1.3342554e+000  2.0131794e-001  3.5068741e+001  1.2087170e+000  2.4452817e-001  1.0662551e+000  1.4578641e-001  5.2372527e-002  3.0000000e+000
  2.7981753e+001  5.3684638e+000  2.6907972e+001  3.6077235e-001  6.3815990e+000  6.3723034e-001  2.8549189e+001  2.9194320e+000  6.7847057e-001  4.9595625e+000  1.6551933e+000  1.6402305e-001  2.6662304e+001  3.5130918e+000  8.8847397e-001  1.7716269e-001  1.3109516e+000  5.0809938e-001  1.0222322e+000  3.9303141e-001  2.9396419e+001  1.0997355e+000  8.4380133e-002  3.7859736e-001  1.3249521e-001  1.1484212e+000  1.2305923e+000  1.7482383e+000  1.1624254e+000  3.7064751e-002  3.3555522e+001  2.0540639e+000  1.5354842e+000  1.3371787e+000  6.7007138e-001  1.9890829e-001  3.0000000e+000
  2.7945321e+001  4.4885804e+000  2.7924558e+001  6.4580929e-001  3.0847902e+000  3.1521625e-001  2.9858802e+001  3.0741318e+000  5.9262307e-001  1.1219902e+000  6.9667260e-001  4.7016800e-001  2.6600027e+001  3.6084260e+000  4.3944490e-001  1.3976135e-001  6.0579902e-001  1.2008440e+000  7.2359226e-001  2.3357036e-001  2.9021498e+001  9.1923078e-001  9.4512983e-001  1.0572768e+000  4.5546936e-001  1.4264310e+000  4.9670325e-001  8.8830177e-001  1.3247394e-001  2.1434447e-001  3.3869678e+001  1.9711936e+000  1.1465043e+000  2.0594830e+000  7.6770530e-001  1.4457492e-001  3.0000000e+000
  2.4936112e+001  3.8253693e+000  1.9506224e+001  4.6269999e-001  2.3320491e+000  3.3794327e-001  2.1120518e+001  1.9269982e-001  1.7716126e-001  4.8108756e-001  6.2384498e-001  2.0535751e-001  2.2679214e+001  6.5710891e-001  7.2087463e-001  1.4488636e-001  1.2117596e+000  1.0348236e+000  6.0068585e-001  1.9168838e-001  2.8665712e+001  4.7327813e-001  1.1574367e+000  6.2954441e-001  1.9606340e-001  4.0313975e-001  1.7503977e-001  3.5155951e-001  7.5780629e-001  1.6334239e-001  3.4488532e+001  2.1997773e-001  4.7682392e-001  9.4155608e-001  4.9398890e-001  1.8920063e-001  3.0000000e+000
  2.4925930e+001  3.6256704e+000  1.9554465e+001  4.5737547e-001  2.0090035e+000  2.6831131e-001  2.1088208e+001  3.9261508e-002  2.9734919e-001  6.2508257e-001  5.1689201e-001  1.7444034e-001  2.2460106e+001  9.2744100e-001  7.5858873e-001  8.1285914e-002  8.4193807e-001  7.1844782e-001  7.0019188e-001  1.9555734e-001  2.8729920e+001  9.3714823e-001  9.6165371e-001  5.3157074e-001  1.2002303e-001  6.0010024e-001  2.5034220e-001  9.5993244e-001  8.0084857e-001  1.1821398e-002  3.5044578e+001  1.6864938e-001  1.5481329e-001  8.2938170e-001  4.8441130e-001  8.0884273e-002  3.0000000e+000
  2.4816568e+001  3.5969934e+000  1.9410150e+001  6.4933586e-001  2.1691033e+000  2.2343599e-001  2.1145563e+001  2.9445954e-001  3.4626951e-001  1.0967308e+000  5.3384678e-001  3.1223164e-001  2.2740054e+001  1.1080587e+000  5.3223418e-001  1.9257347e-001  7.7317777e-001  6.5445938e-001  7.4529935e-001  2.2149852e-001  2.9049893e+001  1.1757583e+000  6.9948843e-001  3.7957366e-001  1.9379757e-001  9.0677031e-001  5.2244502e-001  1.2274910e+000  8.5120588e-001  1.8793518e-001  3.5222090e+001  8.4578785e-002  1.0723143e-001  6.0938852e-001  5.1055831e-001  1.4041995e-001  3.0000000e+000
  2.4779942e+001  3.4720276e+000  1.9365604e+001  6.9023845e-001  2.0713450e+000  1.7672466e-001  2.1037740e+001  2.8932509e-001  3.0261973e-001  1.3626838e+000  4.3892807e-001  3.1761857e-001  2.2723225e+001  1.1960166e+000  5.8700877e-001  1.5225871e-001  2.6979383e-001  5.8710277e-002  8.1506464e-001  1.0906285e-001  2.9132565e+001  1.3551881e+000  5.9031343e-001  2.0703749e-001  2.0259625e-002  1.0311253e+000  7.5060382e-001  1.3597318e+000  8.6787956e-001  2.8403338e-002  3.5198658e+001  5.0411567e-002  5.2191529e-001  6.9799204e-001  1.3986472e-001  1.2982601e-001  3.0000000e+000
  2.4774452e+001  3.3805500e+000  1.9372340e+001  5.0279934e-001  1.8939046e+000  1.5521838e-001  2.1180803e+001  5.6658386e-001  2.6247942e-001  1.1288096e+000  4.7165880e-001  1.5962254e-001  2.3114174e+001  1.0719517e+000  5.4051599e-001  1.3466462e-001  8.4528964e-001  5.7089533e-001  6.3703380e-001  2.0324998e-001  2.9240368e+001  5.2688366e-001  8.2873066e-001  5.3302591e-001  1.0429859e-001  9.9822572e-001  9.4979693e-001  1.0963632e+000  7.2117280e-001  1.5691625e-001  3.4226900e+001  6.0489554e-001  4.3831526e-001  1.2161993e+000  3.9265713e-001  2.6303459e-002  3.0000000e+000
  2.4854811e+001  3.4645487e+000  1.9265574e+001  5.1614428e-001  2.2281634e+000  1.2258764e-001  2.0922902e+001  4.7663951e-001  2.1353738e-001  1.4177991e+000  5.8553269e-001  6.1442203e-002  2.3266536e+001  7.9843902e-001  4.4365182e-001  1.4556190e-001  9.1083339e-001  7.4930671e-001  6.4269782e-001  2.7347437e-001  2.9716442e+001  4.9568788e-001  5.8275852e-001  4.3196765e-001  1.3456842e-001  1.1620794e+000  1.0586093e+000  1.2242083e+000  8.3280694e-001  1.3856589e-001  3.4529956e+001  1.6432386e-001  4.3150668e-001  6.7319705e-001  5.2435284e-001  1.8724043e-001  3.0000000e+000
  2.4797660e+001  3.5470185e+000  1.9121717e+001  6.7608144e-001  2.4232883e+000  1.4575951e-001  2.0901135e+001  4.3350657e-001  1.2945082e-001  1.4228788e+000  7.0230618e-001  1.0650417e-001  2.3497096e+001  5.2641678e-001  4.3694335e-001  2.8436174e-002  1.1522181e+000  9.6420493e-001  6.2191444e-001  2.1876776e-001  2.9806174e+001  2.7807881e-001  5.4201309e-001  4.5482987e-001  2.7043199e-001  1.1428360e+000  1.0400786e+000  1.0897631e+000  8.1842117e-001  1.9456557e-001  3.4287222e+001  8.2700521e-002  7.2526104e-001  4.9128877e-001  6.7676329e-001  2.7920787e-002  3.0000000e+000
  2.4642162e+001  3.4987833e+000  1.9127542e+001  5.6782917e-001  2.0660049e+000  2.0071363e-001  2.1197681e+001  3.2498273e-001  2.0414326e-001  4.9511837e-001  7.2992167e-001  2.6513023e-001  2.3502725e+001  5.1898484e-001  2.2178189e-001  1.7101280e-001  1.3719403e+000  1.1576046e+000  4.1883746e-001  1.5463815e-001  2.9337064e+001  7.0286234e-002  8.8936845e-001  7.3602596e-001  2.3012967e-001  8.6812405e-001  4.6497296e-001  3.6669205e-001  6.6238730e-001  2.5848009e-001  3.3718688e+001  4.4155463e-001  1.3608852e+000  8.8568722e-001  7.0148324e-001  2.2919369e-001  3.0000000e+000
  2.4694116e+001  3.5878388e+000  1.9294229e+001  5.8147748e-001  2.1406502e+000  2.5319183e-001  2.1344138e+001  2.6885434e-001  3.2047335e-001  8.2785970e-001  6.2708383e-001  3.3242709e-001  2.3031788e+001  8.9732412e-001  5.9146752e-001  1.8533506e-001  1.1683397e+000  9.7220376e-001  4.8199783e-001  2.5455202e-001  2.8660864e+001  6.2583909e-001  1.1617598e+000  5.9453632e-001  1.5720432e-001  3.5622286e-001  2.8788538e-001  3.0798845e-001  7.5480552e-001  5.5651452e-002  3.4090513e+001  6.0832321e-001  8.0089551e-001  1.1939053e+000  5.3734290e-001  3.0152309e-002  3.0000000e+000
  2.4788964e+001  3.5709745e+000  1.9268518e+001  2.9869231e-001  1.9299909e+000  2.9671503e-001  2.0911952e+001  1.2694872e-001  1.1158054e-001  3.8852607e-001  5.5520206e-001  2.3838726e-001  2.2623846e+001  1.0090818e+000  7.1111973e-001  2.0002379e-001  1.0006985e+000  9.3121537e-001  7.4321556e-001  1.4468023e-001  2.8917478e+001  1.0778549e+000  8.1210684e-001  4.9429210e-001  1.8797028e-001  7.0138112e-001  4.2185574e-001  8.9817261e-001  6.6968210e-001  1.4994566e-001  3.4839743e+001  2.6302210e-001  1.4755828e-001  8.2593802e-001  4.0676933e-001  1.4980330e-001  3.0000000e+000
  2.7770128e+001  5.0992826e+000  2.5817938e+001  4.4401963e-001  6.1930832e+000  9.2102875e-001  2.7228113e+001  2.1309978e+000  3.1446949e-001  4.8691556e+000  2.8026026e+000  1.9295714e-001  2.7313005e+001  3.6629953e+000  5.5396938e-001  1.1243704e-001  8.4932859e-001  1.9803423e+000  3.0429254e-001  2.4954272e-001  3.2117115e+001  3.5710486e+000  1.2110336e+000  3.6462793e-001  6.0130024e-002  1.7739404e+000  1.4025133e+000  9.8864375e-001  1.0092964e+000  1.5231431e-001  3.6321708e+001  1.6341529e+000  1.5349056e+000  3.8173418e-001  2.2574844e-001  7.2388723e-002  3.0000000e+000
  2.7740137e+001  5.0054090e+000  2.6132757e+001  5.1932140e-002  5.7434969e+000  8.1715329e-001  2.7720902e+001  2.2298413e+000  5.2097930e-001  4.3586591e+000  2.3522290e+000  7.7061819e-002  2.7329796e+001  3.8970217e+000  7.2238274e-001  1.7390288e-001  4.5871145e-001  1.3757170e+000  5.3158550e-001  3.2063905e-001  3.1872494e+001  3.2056655e+000  9.9875346e-001  2.7511779e-001  8.4112485e-002  1.8294028e+000  1.7495510e+000  1.2398137e+000  1.0583166e+000  8.4183211e-002  3.5890432e+001  1.0405376e+000  7.8488193e-001  4.7449414e-001  2.7352645e-001  1.7623884e-001  3.0000000e+000
  2.7596985e+001  4.4339665e+000  2.6650870e+001  4.2369123e-001  3.4804193e+000  6.1520388e-001  2.8805222e+001  2.5625915e+000  3.0248169e-001  8.2323082e-001  1.2335739e+000  2.7042076e-001  2.6939808e+001  4.2022593e+000  4.9900862e-001  1.1954935e-001  1.9956335e+000  7.0462659e-001  5.6974220e-001  2.6919082e-001  2.9873513e+001  2.0554023e+000  4.8171726e-002  5.0817579e-001  2.5005783e-001  1.7459696e+000  2.0128174e+000  8.8054185e-001  8.5297423e-001  1.6152831e-001  3.4389475e+001  2.0473860e+000  9.9618041e-001  1.8082355e+000  6.7981548e-001  7.2138567e-002  3.0000000e+000
  2.7758672e+001  4.5577158e+000  2.6793971e+001  5.8850279e-001  3.5384074e+000  7.3832629e-001  2.8350013e+001  2.2367686e+000  7.7819717e-002  5.8654836e-001  1.5641342e+000  3.2060277e-001  2.6079992e+001  3.6841245e+000  3.4789608e-001  8.4404232e-002  2.4326926e+000  1.3419076e+000  3.1552062e-001  3.4684697e-001  2.9316488e+001  1.4875625e+000  2.9698499e-001  6.5640410e-001  2.0613500e-001  1.2842942e+000  1.7667896e+000  4.0994176e-001  7.7621513e-001  4.4634553e-002  3.4535587e+001  2.1458393e+000  8.3511368e-001  1.8245802e+000  7.1770158e-001  2.2478763e-001  3.0000000e+000
  2.8278727e+001  5.1545242e+000  2.7303830e+001  7.7345453e-001  4.6279703e+000  1.0487595e+000  2.8030176e+001  1.9773630e+000  1.8495192e-001  7.8569175e-001  2.0637540e+000  1.9449776e-001  2.5857117e+001  3.7477563e+000  2.7968348e-001  1.8049899e-001  1.8759865e+000  1.1121218e+000  2.2141438e-001  3.7348530e-001  3.0061051e+001  1.9834382e+000  2.6755313e-001  4.9044748e-001  1.2069212e-001  1.0879490e+000  1.4108737e+000  4.3177308e-001  1.0551411e+000  2.8388125e-001  3.5523606e+001  1.3995363e+000  5.6246329e-001  1.4395928e+000  3.3004671e-001  4.5140837e-002  3.0000000e+000
  2.8762950e+001  5.8075838e+000  2.7809042e+001  1.3156382e+000  5.7308198e+000  8.6027209e-001  2.7315686e+001  2.3167215e+000  5.8585656e-001  2.9575863e+000  2.2569908e+000  3.6600641e-001  2.5201703e+001  3.0694219e+000  1.3366161e+000  2.9354315e-001  9.9857436e-001  2.1646521e+000  5.0203464e-001  2.4974163e-001  3.0490183e+001  1.9514996e+000  4.6547577e-001  5.5620671e-001  5.0316187e-001  6.1239407e-001  4.8783042e-001  1.0673076e+000  7.0431680e-001  3.0632891e-001  3.6086804e+001  1.6655817e-001  1.9145845e+000  9.0913117e-001  1.0993703e+000  1.1086079e-001  3.0000000e+000
  2.8307786e+001  5.7132882e+000  2.7402930e+001  1.1695953e+000  5.5671694e+000  1.0786670e+000  2.8445123e+001  3.1221034e+000  1.6691050e-001  1.6676434e+000  2.4725735e+000  3.1752181e-001  2.6699146e+001  4.0646009e+000  5.1398291e-001  1.3946407e-001  1.2667947e+000  1.8214282e+000  3.4173937e-001  4.4125341e-001  3.0129454e+001  1.7380811e+000  7.4401208e-001  6.5307596e-001  2.9854723e-001  2.6256493e-001  5.3611474e-001  1.3204898e-001  1.0806471e+000  1.5068239e-001  3.4437576e+001  1.5359964e+000  1.6851091e+000  1.7696751e+000  8.5953279e-001  2.3062324e-001  3.0000000e+000
  2.7965808e+001  6.0931599e+000  2.6060823e+001  1.3283736e+000  7.4872779e+000  1.2137494e+000  2.6944329e+001  2.9807317e+000  4.8516577e-002  5.1500610e+000  2.8953188e+000  2.7363194e-001  2.6330856e+001  3.3156237e+000  7.3247056e-001  1.8626015e-001  2.4504976e+000  1.6401426e+000  5.4012646e-001  3.6482914e-001  3.0288567e+001  1.5883031e+000  5.3017451e-001  4.6998300e-001  9.9357020e-002  9.4504706e-001  1.5487277e+000  1.3231320e+000  1.4856879e+000  1.3355844e-001  3.4603544e+001  8.8384685e-001  5.2606626e-001  1.1263162e+000  5.3988031e-001  5.6419726e-002  3.0000000e+000
  2.7872458e+001  6.2630338e+000  2.5417741e+001  1.1960724e+000  8.5083725e+000  1.1245607e+000  2.5598729e+001  2.4768850e+000  1.9504820e-001  6.8686470e+000  2.9822707e+000  1.0302507e-001  2.5175103e+001  2.2801679e+000  7.3148909e-001  1.1079567e-001  2.6649386e+000  1.7649636e+000  6.1640937e-001  3.3971783e-001  3.0272893e+001  1.5453358e+000  6.3014750e-001  7.0761086e-001  1.9642345e-001  1.3065519e+000  1.5765412e+000  1.5372969e+000  1.4630938e+000  2.1528057e-001  3.5655004e+001  6.8021241e-001  8.4111873e-001  1.1380639e+000  7.7163153e-001  1.4056517e-001  3.0000000e+000
  2.7836713e+001  5.4733592e+000  2.6619046e+001  5.1522208e-001  6.6077321e+000  6.8651861e-001  2.8177759e+001  3.0381280e+000  7.0821331e-001  5.0755573e+000  1.7916314e+000  1.1571522e-001  2.6570531e+001  3.4783154e+000  9.0081772e-001  1.4818959e-001  1.4828021e+000  5.6168104e-001  9.9922803e-001  4.2529659e-001  2.9589606e+001  1.0403651e+000  1.0157236e-001  4.6415836e-001  1.7023205e-001  1.1652133e+000  1.3121732e+000  1.7393312e+000  1.2607722e+000  5.4737817e-002  3.3742340e+001  2.0486251e+000  1.3292283e+000  1.3776864e+000  6.9148058e-001  1.4878555e-001  3.0000000e+000
