1.687,0.445,2
1.687,0.449,2
1.687,0.449,2
1.687,0.449,2
1.687,0.449,2
1.686,0.446,2
1.684,0.451,2
1.680,0.453,2
0.753,0.457,3
0.744,0.462,3
0.735,0.467,3
0.729,0.469,3
0.723,0.477,3
0.757,0.480,3
0.760,0.483,3
0.757,0.482,3
0.761,0.482,3
0.762,0.482,3
0.765,0.482,3
0.812,0.481,3
0.814,0.480,3
0.811,0.479,3
0.908,0.478,2
1.270,0.477,2
1.639,0.476,2
1.638,0.475,2
1.637,0.474,2
1.636,0.475,2
1.635,0.475,2
1.635,0.475,2
1.635,0.475,2
1.635,0.475,2
1.633,0.475,2
1.629,0.474,2
1.624,0.473,2
1.618,0.473,2
1.611,0.473,2
1.609,0.472,2
1.603,0.471,2
0.576,0.471,3
1.581,0.471,2
1.572,0.471,2
1.562,0.470,2
1.553,0.470,2
1.179,0.470,2
1.167,0.470,2
1.159,0.471,2
1.151,0.471,2
1.143,0.471,2
1.136,0.471,2
1.128,0.472,2
1.477,0.472,2
1.129,0.473,2
1.457,0.473,2
1.448,0.474,2
1.438,0.475,2
1.428,0.486,2
1.418,0.485,2
1.409,0.486,2
1.399,0.485,2
1.390,0.486,2
1.380,0.487,2
1.370,0.489,2
1.361,0.491,2
1.354,0.494,2
1.344,0.496,1
1.330,0.498,1
1.320,0.499,1
1.310,0.501,1
1.298,0.504,1
1.285,0.507,1
1.271,0.511,1
1.256,0.515,1
1.239,0.520,1
1.223,0.525,1
1.206,0.530,1
1.188,0.535,1
1.170,0.541,1
1.152,0.548,1
1.133,0.554,1
1.114,0.560,1
1.094,0.567,1
1.075,0.573,1
1.056,0.580,1
1.037,0.586,1
1.019,0.593,1
1.001,0.599,1
0.983,0.606,1
0.966,0.612,1
0.948,0.619,1
0.931,0.625,1
0.914,0.632,1
0.898,0.638,3
0.881,0.645,3
0.864,0.652,3
0.847,0.658,3
0.830,0.660,3
0.815,0.662,3
0.801,0.667,3
0.792,0.670,3
0.792,0.665,3
0.795,0.666,3
0.796,0.665,3
0.796,0.665,3
0.796,0.665,3
0.799,0.664,3
0.799,0.664,3
0.798,0.664,3
0.799,0.664,3
0.798,0.663,3
0.797,0.666,3
0.792,0.671,3
0.791,0.684,3
0.790,0.674,3
0.789,0.660,3
0.788,0.660,3
0.787,0.659,3
0.786,0.661,3
0.785,0.665,3
0.788,0.717,3
0.787,0.833,3
0.790,0.779,3
0.814,0.668,3
0.807,0.809,3
0.786,0.805,3
0.785,0.804,3
0.787,0.854,3
0.791,0.800,3
0.794,0.786,3
0.814,0.780,3
0.880,0.776,3
1.593,0.774,1
1.593,0.770,1
1.593,0.765,1
1.593,0.765,1
1.592,0.763,1
1.591,0.763,1
1.590,0.763,1
1.588,0.763,1
1.586,0.758,1
1.576,0.759,1
1.566,0.753,1
1.555,0.751,1
0.932,0.745,1
1.525,0.739,1
1.508,0.733,1
1.494,0.727,1
1.473,0.721,1
1.454,0.715,1
1.438,0.707,1
1.419,0.700,1
1.399,0.694,1
1.379,0.690,1
1.358,0.683,1
1.338,0.673,1
1.317,0.666,1
0.891,0.663,3
1.276,0.652,1
1.255,0.645,1
1.233,0.638,1
1.212,0.627,1
1.193,0.623,1
1.174,0.613,1
1.156,0.607,1
1.138,0.600,1
1.121,0.594,1
1.105,0.588,1
1.089,0.582,1
1.074,0.576,1
1.058,0.570,1
1.043,0.564,1
1.026,0.562,1
1.009,0.555,1
0.989,0.549,1
0.733,0.539,3
0.711,0.540,3
0.679,0.530,3
0.658,0.521,3
0.650,0.515,3
0.644,0.509,3
0.639,0.504,3
0.860,0.504,3
0.859,0.496,3
0.861,0.491,3
0.865,0.491,3
0.865,0.491,3
0.865,0.490,3
0.865,0.490,3
0.865,0.489,3
0.865,0.488,3
0.868,0.487,3
0.867,0.486,3
0.870,0.485,3
0.869,0.485,3
0.740,0.484,3
0.740,0.483,3
0.861,0.482,3
0.859,0.480,3
0.857,0.478,3
0.853,0.477,3
0.850,0.475,3
0.852,0.474,3
0.852,0.472,3
0.851,0.470,3
0.854,0.467,3
0.857,0.465,3
0.873,0.462,3
1.491,0.460,2
1.202,0.458,2
1.201,0.456,2
1.200,0.455,2
1.198,0.454,2
1.198,0.455,2
1.198,0.455,2
1.197,0.456,2
1.198,0.456,2
1.191,0.457,2
1.186,0.458,2
1.567,0.459,2
1.208,0.461,2
1.553,0.462,2
1.191,0.464,2
1.535,0.465,2
1.528,0.466,2
1.519,0.468,2
1.512,0.470,2
1.416,0.471,2
1.522,0.473,2
1.475,0.476,2
1.487,0.478,2
1.473,0.480,2
1.472,0.483,2
1.459,0.486,2
1.462,0.489,2
1.340,0.491,2
1.335,0.494,2
1.421,0.497,1
1.421,0.500,1
1.414,0.504,1
1.404,0.507,1
1.393,0.511,1
1.381,0.515,1
1.368,0.520,1
1.353,0.526,1
1.309,0.531,1
1.293,0.538,1
1.273,0.545,1
1.287,0.551,1
1.269,0.559,1
1.220,0.566,1
1.202,0.574,1
1.183,0.581,1
1.165,0.589,1
1.143,0.597,1
1.128,0.604,1
1.106,0.612,1
1.090,0.619,1
1.068,0.627,1
1.049,0.635,1
1.030,0.642,1
1.012,0.650,1
0.994,0.657,1
0.975,0.664,1
0.957,0.672,1
0.942,0.679,1
1.173,0.686,1
1.160,0.695,1
1.148,0.702,1
1.139,0.707,1
1.128,0.702,1
1.126,0.704,1
1.473,0.710,1
1.454,0.713,1
1.434,0.719,1
1.412,0.726,1
1.063,0.733,1
1.050,0.741,1
1.040,0.748,1
1.030,0.756,1
1.021,0.763,1
1.011,0.771,1
0.642,0.778,3
0.622,0.786,3
0.606,0.793,3
0.589,0.801,3
0.574,0.805,3
0.559,0.807,3
0.547,0.797,3
0.541,0.786,3
0.549,0.784,3
0.983,0.780,1
0.984,0.780,1
0.983,0.780,1
0.983,0.780,1
0.981,0.780,1
0.980,0.780,1
0.979,0.779,1
0.978,0.779,1
0.978,0.779,1
0.977,0.779,1
0.976,0.778,1
0.974,0.778,1
0.972,0.777,1
0.968,0.777,1
0.961,0.776,1
0.952,0.775,1
0.937,0.773,1
0.924,0.775,1
0.910,0.774,1
0.895,0.773,3
0.880,0.779,3
0.864,0.779,3
0.847,0.779,3
0.832,0.778,3
0.817,0.775,3
0.804,0.771,3
0.793,0.771,3
0.792,0.769,3
0.789,0.768,3
0.791,0.767,3
0.792,0.766,3
0.792,0.766,3
0.792,0.765,3
0.791,0.765,3
0.790,0.764,3
0.791,0.766,3
0.790,0.766,3
0.790,0.769,3
0.789,0.872,3
0.789,0.870,3
0.789,0.865,3
0.788,0.772,3
0.787,0.759,3
0.786,0.753,3
0.785,0.751,3
0.785,0.749,3
0.784,0.746,3
0.787,0.744,3
1.815,0.746,1
0.810,0.381,3
0.789,0.376,3
0.785,0.374,3
0.785,0.374,3
0.785,0.373,3
0.785,0.373,3
0.785,0.372,3
0.785,0.372,3
0.785,0.371,3
0.788,0.370,3
0.788,0.370,3
0.788,0.372,3
0.791,0.751,3
0.798,0.743,3
0.811,0.836,3
1.824,0.835,1
1.821,0.371,2
1.817,0.363,2
1.816,0.357,2
1.814,0.357,2
1.813,0.357,2
1.813,0.357,2
1.810,0.357,2
1.810,0.356,2
1.810,0.356,2
0.963,0.356,2
1.810,0.356,2
0.957,0.357,2
1.799,0.357,2
0.937,0.358,2
0.930,0.362,2
0.919,0.747,1
0.912,0.746,1
0.905,0.742,1
0.900,0.738,3
0.898,0.734,3
1.727,0.383,2
2.715,0.374,2
2.094,0.374,2
2.693,0.378,2
2.681,0.386,2
2.670,0.700,1
2.660,0.697,1
2.651,0.693,1
2.644,0.690,1
2.634,0.687,1
2.622,0.683,1
2.618,0.680,1
2.595,0.676,1
1.567,0.672,1
1.557,0.668,1
1.537,0.664,1
2.528,0.660,1
1.499,0.655,1
1.478,0.651,1
1.459,0.647,1
1.441,0.538,1
1.422,0.640,1
1.407,0.636,1
1.388,0.632,1
1.369,0.628,1
1.350,0.624,1
1.331,0.620,1
1.309,0.616,1
1.294,0.612,1
1.275,0.608,1
2.249,0.604,1
2.230,0.599,1
2.210,0.595,1
2.191,0.589,1
2.171,0.585,1
2.151,0.583,1
2.131,0.580,1
2.111,0.576,1
2.092,0.572,1
2.072,0.568,1
2.053,0.564,1
2.034,0.561,1
2.014,0.557,1
1.994,0.553,1
1.975,0.549,1
1.955,0.545,1
1.935,0.541,1
1.916,0.537,1
1.897,0.533,1
1.878,0.530,1
1.859,0.526,1
1.840,0.522,1
1.822,0.518,1
0.584,0.515,3
0.577,0.511,3
0.577,0.507,3
0.573,0.504,3
0.790,0.500,3
0.777,0.497,3
0.765,0.494,3
0.760,0.491,3
0.761,0.490,3
0.769,0.490,3
0.770,0.489,3
0.773,0.490,3
0.773,0.489,3
0.770,0.489,3
0.773,0.488,3
1.501,0.487,2
1.495,0.487,2
1.494,0.486,2
1.491,0.485,2
1.496,0.485,2
1.702,0.485,2
1.492,0.485,2
1.491,0.485,2
1.492,0.485,2
1.694,0.484,2
1.689,0.483,2
1.682,0.483,2
1.675,0.482,2
1.666,0.481,2
1.656,0.480,2
0.583,0.479,3
1.635,0.478,2
1.624,0.478,2
1.613,0.478,2
1.603,0.477,2
1.593,0.477,2
1.584,0.478,2
1.575,0.477,2
1.567,0.478,2
1.559,0.478,2
1.550,0.478,2
1.541,0.479,2
1.531,0.480,2
1.521,0.480,2
1.511,0.481,2
1.316,0.482,2
1.304,0.483,2
1.296,0.484,2
1.291,0.485,2
1.283,0.486,2
1.278,0.487,2
1.273,0.488,2
1.432,0.490,2
1.422,0.491,2
1.412,0.493,2
1.402,0.494,2
1.392,0.496,1
1.382,0.498,1
1.372,0.499,1
1.361,0.501,1
1.349,0.503,1
1.336,0.506,1
1.322,0.509,1
1.308,0.513,1
1.292,0.516,1
1.275,0.521,1
1.259,0.526,1
1.241,0.531,1
1.223,0.536,1
1.205,0.541,1
1.186,0.547,1
1.168,0.553,1
1.150,0.559,1
1.131,0.565,1
1.113,0.571,1
1.094,0.578,1
1.075,0.584,1
1.056,0.591,1
1.037,0.597,1
1.018,0.604,1
0.998,0.608,1
0.979,0.615,1
0.959,0.623,1
0.940,0.631,1
0.923,0.638,1
0.904,0.645,1
0.882,0.652,3
0.864,0.658,3
0.846,0.665,3
0.827,0.671,3
0.809,0.678,3
0.792,0.684,3
0.776,0.689,3
0.767,0.690,3
0.767,0.687,3
0.769,0.686,3
0.770,0.685,3
0.770,0.685,3
0.769,0.685,3
0.769,0.684,3
0.769,0.684,3
0.769,0.683,3
0.768,0.683,3
0.768,0.682,3
0.768,0.681,3
0.769,0.680,3
0.765,0.682,3
0.763,0.684,3
0.762,0.683,3
0.761,0.681,3
0.760,0.677,3
0.759,0.676,3
0.758,0.679,3
0.757,0.679,3
0.756,0.682,3
0.755,0.689,3
0.762,0.720,3
0.769,0.783,3
0.772,0.685,3
0.758,0.779,3
0.758,0.779,3
0.758,0.776,3
0.761,0.851,3
0.764,0.713,3
0.768,0.753,3
1.566,0.749,1
1.567,0.745,1
1.568,0.711,1
1.570,0.741,1
1.572,0.740,1
1.567,0.742,1
1.560,0.724,1
1.551,0.734,1
1.540,0.726,1
1.527,0.720,1
1.513,0.714,1
1.497,0.707,1
1.481,0.700,1
1.464,0.693,1
1.447,0.686,1
1.429,0.678,1
1.411,0.671,1
1.392,0.664,1
1.374,0.656,1
1.355,0.648,1
1.335,0.644,1
1.316,0.638,1
1.297,0.630,1
1.278,0.624,1
1.262,0.617,1
1.240,0.610,1
1.223,0.604,1
1.200,0.597,1
1.180,0.587,1
1.161,0.580,1
1.141,0.574,1
1.121,0.566,1
1.102,0.562,1
1.083,0.556,1
1.065,0.549,1
1.046,0.543,1
1.028,0.537,1
1.010,0.530,1
0.992,0.524,1
0.974,0.517,1
0.956,0.512,1
0.938,0.505,1
0.690,0.498,3
0.671,0.489,3
0.619,0.483,3
0.607,0.477,3
0.593,0.473,3
0.580,0.465,3
0.568,0.462,3
0.821,0.462,3
0.824,0.458,3
0.826,0.455,3
0.825,0.454,3
0.825,0.454,3
0.825,0.453,3
0.822,0.452,3
0.507,0.452,3
0.507,0.451,3
0.507,0.451,3
0.508,0.450,3
0.508,0.450,3
0.508,0.449,3
0.508,0.448,3
0.508,0.448,3
0.512,0.447,3
0.823,0.447,3
0.823,0.446,3
0.823,0.445,3
0.823,0.443,3
0.823,0.438,3
0.824,0.440,3
0.824,0.438,3
0.829,0.436,3
0.830,0.435,3
0.829,0.433,3
0.826,0.431,3
0.826,0.428,3
0.825,0.426,3
0.825,0.423,3
0.825,0.421,3
0.828,0.419,3
0.828,0.417,3
0.829,0.416,3
0.831,0.414,3
0.826,0.411,3
0.825,0.408,3
0.824,0.405,3
0.820,0.403,3
0.820,0.400,3
0.822,0.399,3
0.821,0.397,3
0.824,0.396,3
0.824,0.395,3
0.819,0.407,3
0.813,0.399,3
0.811,0.395,3
0.810,0.393,3
0.805,0.393,3
0.808,0.396,3
0.806,0.423,3
0.809,0.431,3
0.811,0.435,3
0.904,0.403,2
0.804,0.404,3
0.803,0.405,3
0.802,0.427,3
0.802,0.431,3
0.805,0.478,3
0.802,0.477,3
0.805,0.477,3
0.805,0.479,3
0.805,0.479,3
0.808,0.478,3
0.822,0.490,3
0.825,0.937,3
3.338,0.423,2
3.335,0.424,2
3.335,0.425,2
3.335,0.422,2
3.335,0.425,2
3.335,0.422,2
3.335,0.425,2
3.335,0.425,2
3.335,0.425,2
3.334,0.427,2
2.935,0.426,2
2.923,0.431,2
3.322,0.436,2
3.316,0.443,2
3.309,0.454,2
3.301,0.463,2
3.290,0.479,2
3.281,0.761,1
3.273,0.756,1
3.267,0.751,1
3.258,0.747,1
3.250,0.746,1
3.237,0.741,1
3.220,0.735,1
3.205,0.729,1
3.189,0.723,1
3.172,0.716,1
3.160,0.713,1
3.138,0.706,1
3.082,0.710,1
0.940,0.694,1
0.940,0.694,1
3.023,0.684,1
3.001,0.682,1
2.981,0.656,1
2.965,0.646,1
2.659,0.650,1
2.641,0.634,1
2.651,0.625,1
2.885,0.623,1
2.866,0.614,1
2.581,0.613,1
2.828,0.607,1
2.549,0.599,1
2.544,0.597,1
2.505,0.593,1
2.471,0.589,1
2.466,0.589,1
2.715,0.587,1
2.696,0.585,1
2.281,0.606,1
2.261,0.598,1
2.248,0.593,1
2.630,0.584,1
2.604,0.597,1
2.585,0.574,1
2.565,0.568,1
2.546,0.559,1
2.527,0.553,1
2.508,0.547,1
2.486,0.540,1
2.468,0.534,1
2.448,0.528,1
2.432,0.520,1
2.410,0.518,1
2.394,0.525,1
2.372,0.501,1
2.353,0.497,1
2.338,0.491,2
2.316,0.481,2
2.297,0.476,2
1.914,0.471,2
1.889,0.464,2
1.877,0.463,2
2.225,0.461,2
2.209,0.460,2
2.194,0.461,2
2.180,0.458,2
2.166,0.457,2
1.877,0.515,1
1.879,0.474,2
2.130,0.471,2
2.120,0.467,2
1.838,0.460,2
1.827,0.460,2
2.090,0.464,2
2.081,0.458,2
1.840,0.458,2
1.832,0.468,2
1.791,0.567,1
1.780,0.598,1
1.776,0.537,1
1.839,0.562,1
2.025,0.578,1
2.011,3.134,4
2.000,0.515,1
1.987,0.489,2
1.974,0.495,1
1.960,1.434,4
1.945,1.426,4
1.930,1.422,4
1.914,1.415,4
1.897,1.413,4
1.881,1.407,4
1.865,1.406,4
1.848,1.404,4
1.831,1.402,4
1.815,1.403,4
1.798,1.398,4
1.781,1.396,4
1.764,1.397,4
1.748,1.395,4
1.732,1.393,4
1.647,1.394,4
1.631,1.406,4
1.628,1.405,4
1.612,1.390,4
1.596,1.388,4
1.557,1.387,4
1.559,1.386,4
1.581,1.387,4
1.463,0.715,1
1.458,0.709,1
1.370,0.723,1
1.367,0.724,1
1.429,0.730,1
1.417,0.798,1
1.347,0.848,1
1.332,2.171,4
1.323,2.177,4
1.312,2.185,4
1.300,2.197,4
1.284,2.208,4
1.274,2.224,4
1.261,2.233,4
1.251,2.241,4
1.242,2.252,4
1.226,2.261,4
1.213,2.267,4
1.197,0.862,1
1.182,2.282,4
1.170,0.868,1
1.158,2.295,4
1.144,2.302,4
1.133,0.819,1
1.118,0.821,1
1.103,0.824,1
1.089,0.826,1
1.074,0.828,1
1.059,0.830,1
1.042,0.828,1
1.025,0.823,1
1.007,0.797,1
0.985,0.792,1
0.967,0.795,1
0.947,0.794,1
0.928,0.797,1
0.908,0.800,1
0.889,0.804,3
0.869,0.808,3
0.849,0.812,3
0.830,0.813,3
0.811,0.817,3
0.793,0.822,3
0.780,0.824,3
0.778,0.825,3
0.784,0.823,3
0.785,0.819,3
0.786,0.819,3
0.786,0.818,3
0.786,0.817,3
0.785,0.817,3
0.785,0.816,3
0.785,0.816,3
0.785,0.815,3
0.785,0.814,3
0.784,0.813,3
0.780,0.812,3
0.780,0.811,3
0.779,0.810,3
0.779,0.808,3
0.778,0.807,3
0.777,0.805,3
0.780,0.808,3
0.779,0.813,3
0.779,0.825,3
0.779,0.817,3
0.778,0.812,3
0.776,0.808,3
0.771,0.803,3
0.770,0.803,3
0.769,0.802,3
0.768,0.828,3
0.767,0.878,3
0.769,0.863,3
0.769,0.871,3
0.769,0.820,3
0.778,0.800,3
0.803,0.792,3
0.774,0.789,3
0.767,0.788,3
0.766,0.782,3
0.769,0.791,3
0.776,0.767,3
0.831,0.761,3
0.792,0.758,3
0.854,0.755,3
0.894,0.755,3
1.182,0.752,1
0.892,0.746,3
1.346,0.743,1
1.349,0.741,1
1.349,0.737,1
1.348,0.737,1
1.346,0.741,1
1.342,0.737,1
1.340,0.740,1
1.339,0.736,1
1.338,0.735,1
1.341,0.738,1
1.337,0.738,1
1.340,0.738,1
1.336,0.738,1
1.332,0.741,1
1.325,0.740,1
1.316,0.732,1
1.305,0.742,1
1.292,0.726,1
1.278,0.720,1
1.265,0.714,1
1.248,0.708,1
1.231,0.705,1
1.213,0.698,1
1.195,0.692,1
1.176,0.702,1
1.157,0.681,1
1.138,0.680,1
1.119,0.682,1
1.100,0.722,1
0.943,0.654,1
0.923,0.650,1
0.899,0.641,3
0.881,0.669,3
0.864,0.627,3
0.847,0.623,3
0.830,0.619,3
0.816,0.613,3
0.803,0.601,3
0.818,0.589,3
0.917,0.586,1
0.920,0.586,1
0.921,0.586,1
0.921,0.586,1
0.919,0.586,1
0.917,0.585,1
0.915,0.584,1
0.913,0.584,1
0.912,0.584,1
0.911,0.584,1
0.910,0.583,1
0.908,0.583,1
0.907,0.582,1
0.906,0.582,1
0.904,0.581,1
0.902,0.581,1
0.900,0.581,3
0.899,0.581,3
0.898,0.580,3
0.897,0.580,3
0.896,0.579,3
0.895,0.579,3
0.895,0.578,3
0.895,0.578,3
0.896,0.577,3
0.896,0.576,3
0.896,0.575,3
0.896,0.574,3
0.897,0.572,3
0.897,0.570,3
0.898,0.569,3
0.899,0.567,3
0.900,0.566,3
0.899,0.564,3
0.898,0.563,3
0.897,0.560,3
0.897,0.557,3
0.896,0.555,3
0.896,0.553,3
0.896,0.551,3
0.896,0.549,3
0.896,0.548,3
0.895,0.546,3
0.894,0.544,3
0.893,0.541,3
0.892,0.538,3
0.891,0.535,3
0.891,0.533,3
0.891,0.532,3
0.894,0.530,3
0.894,0.529,3
0.892,0.530,3
0.887,0.524,3
0.886,0.526,3
0.884,0.532,3
0.882,0.531,3
0.881,0.527,3
0.880,0.527,3
0.880,0.526,3
0.879,0.526,3
0.882,0.535,3
0.881,0.914,3
1.325,0.907,4
1.761,0.902,4
0.880,0.708,3
0.879,0.699,3
0.878,0.696,3
0.878,0.697,3
0.878,0.700,3
0.878,0.695,3
0.878,0.694,3
0.881,0.693,3
0.881,0.692,3
0.887,0.691,3
0.888,0.690,3
0.891,0.692,3
0.904,0.711,1
1.744,0.541,1
1.750,0.542,1
1.753,0.867,1
1.751,0.867,1
1.745,0.551,1
1.741,0.863,1
1.732,0.567,1
1.721,0.571,1
1.707,0.583,1
0.960,0.842,1
1.677,0.835,1
0.975,0.827,1
1.642,0.819,1
1.627,0.811,1
0.948,0.802,1
0.887,0.794,3
0.923,0.714,1
0.866,0.774,3
0.873,0.768,3
0.851,0.759,3
0.837,0.751,3
0.824,0.742,3
0.817,0.735,3
1.459,0.725,1
0.863,0.722,3
1.462,0.722,1
1.462,0.723,1
1.460,0.722,1
1.459,0.721,1
1.458,0.721,1
1.457,0.720,1
1.456,0.719,1
1.454,0.719,1
1.453,0.719,1
0.921,0.718,1
0.920,0.718,1
0.914,0.717,1
0.912,0.716,1
0.913,0.714,1
1.436,0.711,1
1.428,0.707,1
1.417,0.702,1
1.407,0.697,1
1.392,0.691,1
1.376,0.685,1
1.359,0.678,1
1.341,0.670,1
1.325,0.663,1
0.819,0.656,3
1.284,0.649,1
1.264,0.641,1
1.247,0.633,1
1.225,0.625,1
1.205,0.617,1
1.187,0.610,1
1.166,0.602,1
1.149,0.595,1
1.132,0.589,1
1.115,0.582,1
1.098,0.575,1
1.078,0.568,1
1.064,0.562,1
0.733,0.555,3
0.715,0.550,3
1.010,0.543,1
0.992,0.540,1
0.689,0.530,3
0.712,0.524,3
0.692,0.516,3
0.676,0.512,3
0.651,0.515,3
0.693,0.498,3
0.712,0.496,3
0.910,0.495,1
0.907,0.495,1
0.906,0.494,2
0.905,0.494,2
0.904,0.493,2
0.900,0.491,3
0.772,0.488,3
0.766,0.486,3
0.885,0.484,3
0.878,0.482,3
0.874,0.480,3
0.866,0.478,3
0.863,0.477,3
0.860,0.476,3
0.860,0.475,3
0.859,0.474,3
0.857,0.473,3
0.856,0.472,3
0.855,0.472,3
0.852,0.471,3
0.851,0.471,3
0.848,0.469,3
0.850,0.468,3
0.846,0.466,3
0.848,0.464,3
0.851,0.461,3
0.850,0.459,3
0.853,0.457,3
1.493,0.455,2
1.492,0.453,2
1.200,0.451,2
1.199,0.449,2
1.197,0.448,2
1.196,0.448,2
1.195,0.448,2
1.195,0.448,2
1.196,0.448,2
1.195,0.448,2
1.195,0.448,2
1.194,0.448,2
1.193,0.449,2
1.191,0.449,2
1.191,0.450,2
1.190,0.451,2
1.570,0.453,2
1.206,0.454,2
1.558,0.455,2
1.549,0.456,2
1.540,0.457,2
1.534,0.459,2
1.553,0.461,2
1.540,0.463,2
1.504,0.466,2
1.493,0.468,2
1.476,0.471,2
1.467,0.474,2
1.488,0.476,2
1.463,0.479,2
1.468,0.482,2
1.459,0.485,2
1.424,0.488,2
1.414,0.491,2
1.428,0.494,2
1.418,0.498,1
1.380,0.502,1
1.370,0.505,1
1.360,0.509,1
1.347,0.513,1
1.338,0.519,1
1.325,0.525,1
1.310,0.532,1
1.295,0.540,1
1.279,0.548,1
1.297,0.556,1
1.284,0.564,1
1.270,0.574,1
1.257,0.582,1
1.374,0.591,1
1.364,0.601,1
1.351,0.610,1
1.341,0.619,1
1.329,0.628,1
1.319,0.638,1
1.310,0.647,1
1.301,0.657,1
1.292,0.666,1
1.511,0.676,1
1.495,0.685,1
1.476,0.698,1
1.451,0.705,1
1.434,0.715,1
1.419,0.724,1
0.940,0.727,1
0.917,0.730,1
0.897,0.736,3
0.878,0.743,3
0.862,0.750,3
0.846,0.757,3
0.831,0.765,3
0.816,0.769,3
0.804,0.779,3
0.795,0.783,3
0.794,0.782,3
0.799,0.780,3
0.799,0.780,3
0.799,0.783,3
0.799,0.782,3
0.803,0.786,3
1.257,0.785,1
1.257,0.788,1
1.264,0.811,1
1.273,0.807,1
1.415,0.812,1
1.275,0.817,1
1.273,0.820,1
1.400,0.828,1
1.389,0.802,1
1.223,0.806,1
1.362,0.814,1
1.190,0.827,1
1.172,0.837,1
1.156,0.850,1
1.137,0.868,1
1.122,0.875,1
1.106,0.900,1
1.086,0.899,1
1.070,0.904,4
1.052,0.904,4
1.036,0.908,4
1.018,0.908,4
1.001,0.906,4
0.983,0.910,4
0.967,0.946,4
0.954,0.988,4
0.938,0.911,4
0.922,0.909,4
0.907,0.911,4
0.892,0.912,3
0.878,0.914,3
0.861,0.919,3
0.849,0.918,3
0.837,0.920,3
0.827,0.922,3
0.825,0.921,3
0.827,0.916,3
0.829,0.914,3
0.829,0.914,3
0.829,0.914,3
0.829,0.914,3
0.828,0.913,3
0.831,0.912,3
0.831,0.911,3
0.826,0.897,3
0.825,0.897,3
0.823,0.893,3
0.821,0.888,3
0.820,1.001,3
0.819,0.904,3
0.817,0.897,3
0.816,0.499,3
0.816,0.489,3
0.815,0.484,3
0.817,0.482,3
0.858,0.483,3
0.860,0.502,3
0.818,0.837,3
0.817,0.833,3
0.817,0.482,3
0.820,0.472,3
0.827,0.469,3
0.844,0.467,3
0.917,0.468,2
0.916,0.802,1
0.925,0.799,1
1.713,0.796,1
1.713,0.795,1
1.711,0.795,1
1.705,0.795,1
1.699,0.793,1
1.689,0.789,1
1.681,0.785,1
1.668,0.481,2
1.653,0.476,2
1.636,0.478,2
1.616,0.484,2
1.603,0.487,2
1.586,0.497,1
1.571,0.507,1
1.556,0.736,1
1.552,0.731,1
1.555,0.726,1
2.482,0.720,1
2.468,0.714,1
2.453,0.709,1
2.437,0.577,1
2.421,0.571,1
2.404,0.580,1
2.386,0.598,1
2.371,0.604,1
2.352,0.616,1
2.334,0.629,1
2.315,0.642,1
2.296,0.648,1
2.277,0.641,1
2.258,0.634,1
2.240,0.626,1
2.221,0.621,1
2.002,0.616,1
1.985,0.606,1
1.965,0.601,1
1.944,0.591,1
1.924,0.585,1
1.900,0.580,1
1.880,0.571,1
1.098,0.565,1
1.076,0.558,1
1.054,0.552,1
1.032,0.545,1
1.007,0.539,1
0.991,0.534,1
0.969,0.528,1
0.950,0.518,1
0.932,0.514,1
0.913,0.505,1
0.896,0.501,3
0.878,0.495,3
0.861,0.488,3
0.843,0.481,3
0.826,0.475,3
0.810,0.472,3
1.553,0.466,2
1.542,0.458,2
1.543,0.453,2
1.545,0.453,2
1.544,0.453,2
1.542,0.453,2
1.541,0.452,2
1.541,0.452,2
1.540,0.452,2
1.541,0.452,2
1.541,0.452,2
1.540,0.452,2
1.540,0.452,2
1.540,0.452,2
1.539,0.451,2
1.537,0.451,2
0.504,0.449,3
0.503,0.447,3
0.501,0.445,3
0.500,0.442,3
0.495,0.439,3
0.497,0.437,3
0.496,0.435,3
0.496,0.433,3
0.747,0.432,3
0.744,0.432,3
0.745,0.432,3
0.742,0.431,3
0.742,0.431,3
0.742,0.427,3
0.741,0.426,3
0.741,0.425,3
0.738,0.427,3
0.738,0.426,3
0.738,0.426,3
0.741,0.426,3
0.740,0.425,3
0.743,0.424,3
1.493,0.423,2
1.496,0.422,2
1.732,0.420,2
1.731,0.418,2
1.731,0.418,2
1.731,0.418,2
1.732,0.418,2
1.731,0.418,2
1.731,0.418,2
1.731,0.418,2
1.731,0.418,2
1.731,0.418,2
1.731,0.418,2
1.729,0.418,2
1.726,0.418,2
1.721,0.417,2
1.714,0.417,2
1.707,0.416,2
1.698,0.416,2
1.689,0.416,2
1.679,0.416,2
1.668,0.416,2
1.657,0.416,2
1.647,0.416,2
1.636,0.417,2
1.411,0.418,2
1.615,0.420,2
1.604,0.421,2
1.594,0.422,2
1.584,0.423,2
1.360,0.425,2
1.348,0.426,2
1.340,0.428,2
1.331,0.429,2
1.323,0.431,2
1.314,0.433,2
1.305,0.435,2
1.298,0.437,2
1.289,0.439,2
1.285,0.441,2
1.473,0.443,2
1.463,0.445,2
1.452,0.447,2
1.442,0.449,2
1.432,0.451,2
1.422,0.453,2
1.411,0.455,2
1.401,0.458,2
1.391,0.460,2
1.381,0.462,2
1.371,0.465,2
1.362,0.467,2
1.352,0.469,2
1.343,0.472,2
1.333,0.474,2
1.324,0.477,2
1.314,0.480,2
1.305,0.483,2
1.295,0.486,2
1.286,0.489,2
1.277,0.493,2
1.271,0.497,1
1.259,0.500,1
1.250,0.503,1
1.245,0.507,1
1.236,0.511,1
1.225,0.516,1
1.213,0.522,1
1.199,0.528,1
1.185,0.536,1
1.170,0.543,1
1.154,0.551,1
1.138,0.564,1
1.121,0.573,1
1.101,0.579,1
1.084,0.592,1
1.066,0.604,1
1.049,0.715,1
1.031,0.634,1
1.027,0.638,1
0.998,0.668,1
0.982,0.657,1
0.962,0.669,1
0.946,0.683,1
0.930,0.691,1
0.914,0.706,1
0.899,0.717,3
0.883,0.725,3
0.867,0.739,3
0.851,0.750,3
0.835,0.762,3
0.819,0.772,3
0.806,0.781,3
0.800,0.780,3
0.801,0.779,3
0.802,0.777,3
0.802,0.777,3
0.801,0.778,3
0.800,0.778,3
0.800,0.777,3
0.799,0.778,3
0.799,0.780,3
0.799,0.778,3
0.798,0.781,3
0.797,0.781,3
0.796,0.781,3
0.795,0.782,3
0.795,0.786,3
0.794,0.789,3
0.793,0.796,3
0.796,0.793,3
0.796,0.827,3
0.796,0.826,3
0.799,0.824,3
0.803,0.793,3
0.810,0.819,3
0.798,0.816,3
0.795,0.813,3
0.794,0.808,3
0.794,0.808,3
0.797,0.806,3
0.800,0.809,3
0.801,0.792,3
0.821,0.789,3
1.463,0.783,1
1.461,0.780,1
1.466,0.777,1
1.467,0.775,1
1.466,0.774,1
1.462,0.772,1
1.456,0.771,1
1.448,0.768,1
1.437,0.763,1
1.425,0.757,1
1.411,0.751,1
1.395,0.745,1
1.379,0.738,1
1.362,0.732,1
1.345,0.725,1
1.328,0.717,1
1.309,0.710,1
1.291,0.703,1
1.273,0.696,1
1.257,0.689,1
1.235,0.682,1
1.216,0.675,1
1.196,0.668,1
1.177,0.661,1
1.159,0.654,1
1.140,0.647,1
1.122,0.640,1
1.103,0.633,1
1.085,0.626,1
1.066,0.619,1
1.046,0.612,1
1.027,0.604,1
1.009,0.597,1
0.990,0.590,1
0.971,0.583,1
0.775,0.576,3
0.759,0.569,3
0.712,0.562,3
0.689,0.554,3
0.674,0.547,3
0.656,0.540,3
0.655,0.534,3
0.847,0.533,3
0.850,0.535,3
0.852,0.531,3
0.853,0.531,3
0.853,0.527,3
0.852,0.526,3
0.852,0.525,3
0.584,0.524,3
0.582,0.523,3
0.582,0.522,3
0.852,0.521,3
0.582,0.520,3
0.583,0.520,3
0.850,0.519,3
0.849,0.518,3
0.849,0.517,3
0.850,0.517,3
0.850,0.516,3
0.851,0.515,3
0.851,0.513,3
0.852,0.512,3
0.855,0.510,3
0.857,0.509,3
0.858,0.508,3
0.858,0.507,3
0.602,0.504,3
0.854,0.501,3
0.854,0.498,3
0.854,0.496,3
0.854,0.494,3
0.857,0.492,3
0.858,0.490,3
0.857,0.488,3
0.856,0.486,3
0.855,0.483,3
0.851,0.480,3
0.850,0.477,3
0.852,0.475,3
0.851,0.473,3
0.851,0.471,3
0.851,0.470,3
0.854,0.468,3
0.852,0.467,3
0.847,0.469,3
0.845,0.470,3
0.841,0.466,3
0.839,0.465,3
0.841,0.464,3
0.840,0.463,3
0.839,0.467,3
0.838,0.480,3
5.000,0.506,1
5.000,0.575,1
5.000,0.475,2
5.000,0.476,2
0.939,0.565,1
5.000,0.569,1
5.000,0.569,1
5.000,0.569,1
5.000,0.566,1
5.000,0.483,2
5.000,0.573,1
5.000,0.573,1
0.816,0.506,3
0.806,0.516,3
0.794,0.528,3
0.784,0.540,3
0.772,0.552,3
0.764,0.565,3
0.756,0.606,3
0.752,0.772,3
0.753,0.993,3
0.758,0.992,3
0.758,0.595,3
0.758,0.991,3
0.758,0.597,3
0.758,0.594,3
0.761,0.986,3
0.774,0.988,3
0.777,0.762,3
3.163,0.589,1
3.163,0.587,1
3.164,0.589,1
3.163,0.597,1
3.162,0.598,1
3.158,0.598,1
3.151,0.604,1
3.142,0.613,1
3.131,0.627,1
3.118,0.722,1
3.104,0.715,1
3.088,0.708,1
3.072,0.700,1
3.055,0.692,1
3.037,0.684,1
3.019,0.675,1
3.000,0.667,1
2.982,0.658,1
2.964,0.649,1
2.945,0.641,1
2.928,0.632,1
2.910,0.624,1
0.808,0.616,3
0.789,0.609,3
0.758,0.601,3
0.759,0.593,3
0.747,0.586,3
2.801,0.621,1
2.786,0.611,1
2.776,0.605,1
2.769,0.603,1
2.765,0.598,1
2.769,0.599,1
2.766,0.600,1
2.764,0.600,1
2.763,0.599,1
2.761,0.598,1
2.758,0.597,1
2.753,0.595,1
2.745,0.592,1
2.734,0.578,1
2.722,0.583,1
2.708,0.574,1
2.693,0.551,1
2.678,0.551,1
2.661,0.558,1
2.644,0.550,1
2.626,0.546,1
2.608,0.536,1
2.589,0.528,1
2.570,0.521,1
2.550,0.513,1
2.531,0.505,1
2.511,0.498,1
2.491,0.490,2
2.472,0.482,2
2.452,0.474,2
2.433,0.466,2
2.415,0.457,2
2.397,0.450,2
2.380,0.443,2
2.363,0.436,2
2.348,0.430,2
2.333,0.427,2
2.319,0.425,2
2.307,0.437,2
1.793,0.426,2
1.780,0.418,2
1.768,0.426,2
1.757,0.403,2
1.749,0.397,2
1.745,0.394,2
2.243,0.392,2
2.236,0.390,2
2.229,0.388,2
2.222,0.386,2
2.218,0.387,2
2.212,0.388,2
2.205,0.387,2
2.199,0.504,1
2.192,0.432,2
2.185,0.381,2
2.177,0.380,2
2.165,0.376,2
2.156,0.379,2
2.147,0.428,2
2.137,0.420,2
2.127,0.422,2
2.116,0.452,2
2.105,0.426,2
2.094,0.388,2
2.083,0.390,2
2.072,0.427,2
2.062,0.401,2
2.051,1.407,4
2.040,1.401,4
2.028,1.399,4
2.015,1.400,4
2.002,1.399,4
1.988,1.395,4
1.973,1.391,4
1.958,1.391,4
1.943,1.390,4
1.928,1.387,4
1.912,1.386,4
1.897,1.386,4
1.882,1.382,4
1.867,1.381,4
1.852,1.381,4
1.838,1.381,4
1.824,1.381,4
1.811,1.384,4
1.799,1.383,4
1.787,1.386,4
1.680,1.417,4
1.671,1.384,4
1.745,1.380,4
1.601,1.379,4
1.599,1.380,4
1.605,0.621,1
1.395,0.622,1
1.385,0.629,1
1.369,0.639,1
1.360,0.720,1
1.399,0.744,1
1.408,0.751,1
1.372,0.764,1
1.327,0.889,1
1.317,0.900,1
1.308,0.923,4
1.291,0.937,4
1.277,2.127,4
1.263,2.140,4
1.249,2.153,4
1.235,2.165,4
1.221,2.177,4
1.208,2.191,4
1.195,2.202,4
1.183,2.213,4
1.170,2.222,4
1.158,2.228,4
1.149,2.234,4
1.137,2.243,4
1.128,2.251,4
1.117,2.255,4
1.104,2.263,4
1.091,2.271,4
1.078,2.278,4
1.061,0.785,1
1.045,0.786,1
1.033,0.784,1
1.020,0.755,1
1.008,0.758,1
1.001,0.762,1
0.988,0.762,1
0.974,0.765,1
0.959,0.769,1
0.942,0.769,1
0.921,0.773,1
0.902,0.776,1
0.882,0.780,3
0.863,0.781,3
0.843,0.785,3
0.823,0.789,3
0.803,0.789,3
0.785,0.792,3
0.773,0.797,3
0.770,0.795,3
0.773,0.794,3
0.776,0.793,3
0.778,0.793,3
0.778,0.793,3
0.777,0.792,3
0.777,0.793,3
0.777,0.792,3
0.778,0.792,3
0.778,0.793,3
0.778,0.792,3
0.780,0.788,3
0.780,0.788,3
0.780,0.787,3
0.780,0.786,3
0.780,0.785,3
0.780,0.784,3
0.782,0.783,3
0.782,0.779,3
0.780,0.778,3
0.777,0.776,3
0.776,0.778,3
0.776,0.776,3
0.775,0.775,3
0.775,0.773,3
0.778,0.776,3
0.778,0.798,3
0.776,0.785,3
0.772,0.777,3
0.771,0.776,3
0.770,0.772,3
0.768,0.768,3
0.767,0.770,3
0.766,0.856,3
0.765,0.820,3
0.768,0.817,3
0.767,0.799,3
0.767,0.791,3
0.827,0.789,3
0.789,0.840,3
0.765,0.791,3
0.765,0.781,3
0.768,0.832,3
0.771,0.768,3
0.781,0.762,3
0.851,0.755,3
0.847,0.753,3
0.870,0.750,3
0.904,0.751,1
0.900,0.748,3
1.380,0.758,1
1.384,0.738,1
1.384,0.734,1
1.384,0.737,1
1.380,0.735,1
1.379,0.741,1
1.381,0.737,1
1.378,0.737,1
1.370,0.735,1
1.365,0.733,1
1.350,0.729,1
1.340,0.723,1
1.326,0.722,1
1.306,0.719,1
1.293,0.713,1
1.275,0.714,1
1.257,0.715,1
1.238,0.707,1
1.220,0.697,1
1.202,0.704,1
1.183,0.692,1
1.163,0.698,1
1.144,0.673,1
1.124,0.670,1
1.104,0.664,1
1.084,0.648,1
0.927,0.649,1
0.899,0.638,3
0.879,0.635,3
0.862,0.629,3
0.845,0.615,3
0.829,0.609,3
0.813,0.602,3
0.800,0.608,3
0.794,0.587,3
0.809,0.580,3
0.922,0.583,1
0.923,0.579,1
0.923,0.580,1
0.923,0.580,1
0.921,0.579,1
0.918,0.578,1
0.914,0.577,1
0.907,0.575,1
0.898,0.573,3
0.887,0.570,3
0.873,0.566,3
0.859,0.563,3
0.845,0.558,3
0.833,0.554,3
0.821,0.551,3
0.811,0.548,3
0.805,0.541,3
0.805,0.537,3
0.807,0.536,3
0.808,0.536,3
0.808,0.536,3
0.808,0.535,3
0.808,0.534,3
0.809,0.533,3
0.809,0.529,3
0.810,0.529,3
0.810,0.528,3
0.811,0.528,3
0.811,0.526,3
0.812,0.528,3
0.812,0.527,3
0.811,0.527,3
0.811,0.525,3
0.810,0.530,3
0.809,0.523,3
0.809,0.517,3
0.808,0.512,3
0.808,0.509,3
0.808,0.510,3
0.807,0.509,3
0.806,0.511,3
0.805,0.516,3
0.803,0.514,3
0.803,0.503,3
0.802,0.498,3
0.802,0.492,3
0.802,0.490,3
0.805,0.491,3
0.804,0.490,3
0.798,0.513,3
0.797,0.591,3
0.795,0.515,3
0.794,0.487,3
0.793,0.486,3
0.792,0.486,3
0.791,0.854,3
0.794,0.833,3
0.793,0.822,3
0.831,0.644,3
0.820,0.631,3
0.792,0.625,3
0.792,0.622,3
0.795,0.624,3
0.798,0.502,3
0.801,0.503,3
0.815,0.511,3
0.945,0.513,1
0.944,0.777,1
1.738,0.774,1
1.738,0.772,1
1.737,0.774,1
1.735,0.774,1
1.735,0.774,1
1.733,0.773,1
1.731,0.769,1
1.726,0.767,1
1.719,0.764,1
1.709,0.760,1
1.696,0.757,1
1.682,0.751,1
0.940,0.746,1
0.926,0.740,1
0.908,0.732,1
0.899,0.726,3
0.878,0.718,3
0.866,0.711,3
1.558,0.704,1
0.845,0.697,3
0.832,0.690,3
0.902,0.684,1
0.806,0.682,3
1.483,0.676,1
1.477,0.672,1
1.476,0.672,1
1.476,0.674,1
1.474,0.670,1
1.472,0.670,1
1.470,0.669,1
1.468,0.668,1
0.851,0.670,3
1.465,0.667,1
0.848,0.667,3
1.463,0.672,1
1.462,0.671,1
1.460,0.670,1
1.458,0.665,1
1.457,0.664,1
1.455,0.664,1
1.453,0.663,1
1.452,0.666,1
1.449,0.659,1
0.900,0.661,3
0.898,0.664,3
0.894,0.659,3
1.432,0.653,1
1.425,0.650,1
1.415,0.644,1
1.408,0.641,1
1.400,0.638,1
1.391,0.635,1
1.379,0.631,1
1.366,0.627,1
1.352,0.623,1
1.336,0.619,1
1.322,0.614,1
1.305,0.610,1
1.288,0.605,1
1.270,0.601,1
1.252,0.597,1
1.234,0.593,1
1.215,0.589,1
1.197,0.584,1
1.182,0.579,1
1.164,0.575,1
1.146,0.571,1
1.128,0.566,1
1.111,0.562,1
1.097,0.558,1
1.080,0.554,1
1.066,0.550,1
1.048,0.543,1
1.030,0.539,1
1.009,0.536,1
0.988,0.533,1
0.971,0.530,1
0.954,0.528,1
0.935,0.525,1
0.919,0.523,1
0.899,0.520,3
0.882,0.518,3
0.865,0.515,3
0.848,0.513,3
0.833,0.510,3
0.818,0.507,3
0.806,0.505,3
0.803,0.502,3
0.804,0.501,3
0.806,0.501,3
0.806,0.501,3
0.806,0.501,3
0.805,0.500,3
0.805,0.500,3
0.808,0.499,3
0.809,0.499,3
0.805,0.498,3
0.808,0.497,3
0.814,0.495,3
1.074,0.493,2
1.070,0.490,2
1.069,0.489,2
0.820,0.487,3
1.473,0.485,2
1.472,0.486,2
1.072,0.486,2
1.471,0.486,2
1.471,0.486,2
1.471,0.486,2
1.471,0.486,2
1.470,0.486,2
1.470,0.485,2
1.470,0.485,2
1.468,0.486,2
1.466,0.486,2
1.462,0.486,2
1.458,0.486,2
1.452,0.487,2
1.445,0.488,2
1.437,0.488,2
1.425,0.490,2
1.417,0.491,2
1.412,0.493,2
1.404,0.494,2
1.393,0.496,1
1.385,0.497,1
1.377,0.498,1
1.369,0.500,1
1.363,0.502,1
1.353,0.505,1
1.342,0.509,1
1.330,0.513,1
1.318,0.518,1
1.305,0.523,1
1.293,0.529,1
1.280,0.534,1
1.267,0.540,1
1.252,0.546,1
1.233,0.552,1
1.217,0.558,1
1.199,0.564,1
1.179,0.570,1
1.160,0.576,1
1.141,0.583,1
1.122,0.589,1
1.101,0.595,1
1.085,0.601,1
1.065,0.607,1
1.045,0.613,1
1.026,0.619,1
1.008,0.625,1
0.989,0.630,1
0.971,0.632,1
0.952,0.631,1
0.934,0.634,1
0.879,0.637,3
0.857,0.640,3
0.835,0.644,3
0.816,0.649,3
0.794,0.653,3
0.776,0.661,3
0.762,0.660,3
0.756,0.658,3
0.757,0.652,3
0.760,0.651,3
0.761,0.650,3
0.761,0.650,3
0.760,0.649,3
0.763,0.649,3
0.763,0.648,3
0.767,0.648,3
0.770,0.647,3
1.461,0.646,1
1.461,0.646,1
1.462,0.644,1
1.036,0.644,1
1.035,0.644,1
1.034,0.645,1
1.032,0.646,1
1.031,0.648,1
1.023,0.651,1
1.018,0.656,1
1.012,0.661,1
1.002,0.667,1
0.998,0.674,1
0.989,0.685,1
0.981,0.693,1
0.664,0.702,3
0.641,0.710,3
0.619,0.718,3
0.602,0.724,3
0.586,0.732,3
0.569,0.736,3
0.558,0.737,3
0.548,0.740,3
0.544,0.738,3
0.545,0.736,3
0.549,0.735,3
0.550,0.735,3
0.550,0.735,3
0.549,0.732,3
0.553,0.734,3
1.011,0.733,1
1.012,0.732,1
1.015,0.732,1
1.014,0.731,1
1.023,0.732,1
1.015,0.732,1
1.009,0.733,1
1.005,0.734,1
1.002,0.736,1
0.990,0.736,1
0.976,0.736,1
0.964,0.738,1
0.951,0.739,1
0.943,0.742,1
0.948,0.741,1
0.936,0.738,1
0.886,0.735,3
0.867,0.735,3
0.847,0.734,3
0.831,0.739,3
0.813,0.741,3
0.799,0.746,3
0.787,0.753,3
0.777,0.856,3
0.774,0.854,3
0.775,0.850,3
0.776,0.850,3
0.776,0.849,3
0.776,0.849,3
0.776,0.755,3
0.776,0.750,3
0.775,0.749,3
0.775,0.746,3
0.775,0.745,3
0.775,0.744,3
0.774,0.740,3
0.774,0.738,3
0.774,0.736,3
0.773,0.731,3
0.776,0.732,3
0.776,0.730,3
0.786,0.732,3
0.786,0.372,3
0.775,0.363,3
0.775,0.360,3
0.775,0.355,3
0.778,0.356,3
0.781,0.354,3
0.784,0.735,3
0.804,0.732,3
1.826,0.778,1
1.820,0.349,2
1.817,0.342,2
1.819,0.340,2
1.819,0.340,2
1.818,0.341,2
1.818,0.341,2
1.818,0.341,2
1.818,0.341,2
1.818,0.341,2
1.817,0.341,2
1.817,0.341,2
1.818,0.341,2
1.817,0.340,2
1.816,0.340,2
1.813,0.340,2
1.809,0.341,2
0.950,0.341,2
0.941,0.345,2
0.928,0.356,2
0.921,0.740,1
0.914,0.740,1
0.906,0.734,1
0.905,0.727,1
2.751,0.723,1
2.739,0.355,2
2.726,0.355,2
2.711,0.361,2
2.696,0.367,2
2.680,0.394,2
2.665,0.691,1
2.652,0.687,1
2.638,0.683,1
2.626,0.680,1
2.616,0.676,1
2.603,0.672,1
2.591,0.478,2
2.575,0.664,1
2.555,0.659,1
2.541,0.655,1
2.520,0.552,1
1.493,0.647,1
1.476,0.533,1
1.455,0.571,1
1.433,0.634,1
2.427,0.630,1
1.403,0.626,1
1.960,0.621,1
1.364,0.617,1
1.345,0.613,1
1.324,0.609,1
1.306,0.604,1
1.287,0.600,1
1.272,0.595,1
1.253,0.590,1
1.235,0.586,1
1.216,0.581,1
1.197,0.576,1
1.182,0.572,1
1.161,0.564,1
1.144,0.561,1
1.126,0.558,1
1.108,0.553,1
1.090,0.549,1
1.075,0.545,1
1.054,0.540,1
1.040,0.536,1
0.592,0.531,3
0.587,0.527,3
0.579,0.522,3
0.577,0.517,3
0.573,0.512,3
0.569,0.508,3
1.898,0.503,1
1.897,0.501,1
1.900,0.501,1
1.900,0.501,1
1.898,0.501,1
1.895,0.500,1
1.889,0.499,1
1.879,0.498,1
1.868,0.495,1
1.855,0.493,2
1.840,0.490,2
1.825,0.487,2
1.809,0.484,2
1.793,0.481,2
0.818,0.478,3
0.803,0.475,3
0.788,0.472,3
0.778,0.470,3
0.768,0.468,3
0.755,0.465,3
0.747,0.463,3
0.746,0.459,3
0.747,0.461,3
0.749,0.461,3
0.749,0.461,3
0.749,0.460,3
0.752,0.460,3
0.765,0.460,3
0.756,0.459,3
1.494,0.459,2
1.491,0.458,2
1.488,0.457,2
1.491,0.456,2
1.493,0.456,2
1.489,0.456,2
1.492,0.456,2
1.710,0.456,2
1.495,0.456,2
1.492,0.456,2
1.492,0.456,2
1.492,0.456,2
1.492,0.456,2
1.495,0.456,2
1.709,0.456,2
1.709,0.456,2
1.494,0.456,2
1.708,0.456,2
1.707,0.456,2
1.707,0.456,2
1.707,0.456,2
1.707,0.456,2
1.705,0.456,2
1.702,0.455,2
1.697,0.454,2
1.690,0.453,2
1.683,0.452,2
1.674,0.452,2
1.665,0.451,2
1.655,0.451,2
1.645,0.450,2
1.636,0.449,2
1.626,0.449,2
1.616,0.449,2
1.606,0.450,2
1.596,0.450,2
1.586,0.451,2
1.575,0.452,2
1.565,0.452,2
1.556,0.453,2
1.547,0.454,2
1.537,0.454,2
1.329,0.455,2
1.317,0.457,2
1.312,0.458,2
1.304,0.459,2
1.296,0.461,2
1.290,0.462,2
1.282,0.464,2
1.273,0.466,2
1.447,0.468,2
1.435,0.470,2
1.424,0.472,2
1.413,0.474,2
1.406,0.476,2
1.397,0.478,2
1.387,0.479,2
1.375,0.481,2
1.366,0.483,2
1.356,0.485,2
1.346,0.487,2
1.336,0.489,2
1.326,0.491,2
1.316,0.494,2
1.306,0.496,1
1.296,0.499,1
1.287,0.501,1
1.278,0.504,1
1.267,0.507,1
1.255,0.511,1
1.241,0.516,1
1.226,0.521,1
1.210,0.527,1
1.194,0.533,1
1.178,0.539,1
1.161,0.546,1
1.143,0.553,1
1.125,0.561,1
1.106,0.568,1
1.087,0.576,1
1.068,0.584,1
1.049,0.595,1
1.033,0.599,1
1.014,0.610,1
0.995,0.618,1
0.976,0.627,1
0.957,0.636,1
0.936,0.646,1
0.917,0.655,1
0.899,0.664,3
0.881,0.673,3
0.863,0.683,3
0.846,0.691,3
0.829,0.700,3
0.812,0.708,3
0.797,0.717,3
0.789,0.722,3
0.785,0.726,3
0.782,0.723,3
0.783,0.722,3
0.783,0.728,3
0.783,0.725,3
0.782,0.725,3
0.781,0.724,3
0.781,0.724,3
0.780,0.723,3
0.778,0.719,3
0.777,0.719,3
0.776,0.718,3
0.776,0.717,3
0.775,0.720,3
0.775,0.719,3
0.774,0.726,3
0.777,0.733,3
0.780,1.142,3
0.791,0.725,3
0.777,1.129,3
0.776,0.728,3
0.776,0.791,3
0.775,0.853,3
0.781,0.752,3
0.781,0.817,3
0.799,0.773,3
1.555,0.767,1
1.556,0.765,1
1.557,0.747,1
1.557,0.752,1
0.791,0.755,3
0.786,0.754,3
0.787,0.752,3
0.780,0.748,3
1.530,0.743,1
1.522,0.739,1
1.515,0.735,1
1.509,0.731,1
1.502,0.731,1
1.493,0.727,1
1.483,0.723,1
1.471,0.719,1
1.457,0.714,1
1.443,0.708,1
1.426,0.711,1
1.413,0.705,1
1.396,0.699,1
1.378,0.689,1
1.360,0.683,1
1.338,0.677,1
1.320,0.668,1
1.301,0.658,1
1.285,0.656,1
1.265,0.650,1
1.245,0.648,1
1.225,0.642,1
1.206,0.633,1
1.186,0.627,1
1.167,0.618,1
1.147,0.611,1
1.128,0.605,1
1.109,0.598,1
1.087,0.592,1
1.068,0.586,1
1.050,0.580,1
1.031,0.574,1
1.013,0.567,1
0.995,0.561,1
0.733,0.555,3
0.704,0.549,3
0.682,0.542,3
0.666,0.541,3
0.656,0.534,3
0.886,0.525,3
0.870,0.519,3
0.860,0.507,3
0.859,0.504,3
0.862,0.502,3
0.864,0.502,3
0.864,0.502,3
0.863,0.502,3
0.865,0.501,3
0.865,0.500,3
0.865,0.499,3
0.866,0.498,3
0.866,0.496,3
0.867,0.495,3
0.867,0.495,3
0.867,0.495,3
0.867,0.495,3
0.867,0.494,3
0.868,0.493,3
0.868,0.492,3
0.869,0.491,3
0.869,0.490,3
0.869,0.489,3
0.866,0.488,3
0.865,0.487,3
0.586,0.485,3
0.588,0.483,3
0.870,0.481,3
0.870,0.478,3
0.870,0.476,3
0.870,0.474,3
0.870,0.472,3
0.870,0.470,3
0.870,0.469,3
0.869,0.466,3
0.865,0.463,3
0.864,0.461,3
0.866,0.459,3
0.865,0.456,3
0.864,0.454,3
0.863,0.452,3
0.863,0.451,3
0.865,0.449,3
0.862,0.448,3
0.863,0.450,3
0.853,0.451,3
0.856,0.446,3
0.854,0.445,3
0.853,0.445,3
0.852,0.444,3
0.851,0.448,3
0.851,0.474,3
0.853,0.504,3
0.855,0.538,3
0.857,0.455,3
0.951,0.452,2
0.856,0.452,3
0.901,0.452,2
0.897,0.452,3
0.866,0.456,3
0.869,0.455,3
0.876,0.455,3
0.897,0.455,3
0.896,0.475,3
0.852,0.529,3
0.852,0.529,3
0.852,0.531,3
0.852,0.530,3
0.852,0.873,3
0.855,0.479,3
0.855,1.032,3
0.858,0.468,3
0.868,0.463,3
0.879,0.467,3
3.283,0.469,2
3.281,0.478,2
3.285,0.838,1
3.287,0.833,1
3.287,0.832,1
3.286,0.835,1
3.284,0.834,1
3.280,0.830,1
3.270,0.828,1
3.260,0.511,1
3.251,0.821,1
3.241,0.813,1
3.226,0.810,1
3.207,0.801,1
3.191,0.797,1
3.171,0.788,1
3.156,0.780,1
3.140,0.773,1
3.117,0.768,1
1.001,0.761,1
3.078,0.754,1
3.061,0.746,1
3.037,0.738,1
3.017,0.731,1
2.997,0.720,1
0.908,0.716,1
2.956,0.709,1
0.873,0.701,3
2.916,0.694,1
2.897,0.701,1
2.878,0.691,1
2.860,0.687,1
2.842,0.675,1
2.826,0.667,1
2.810,0.662,1
2.794,0.658,1
2.777,0.655,1
2.761,0.653,1
2.744,0.647,1
2.727,0.653,1
2.709,0.634,1
2.692,0.628,1
2.674,0.621,1
2.657,0.615,1
2.639,0.627,1
2.621,0.603,1
2.604,0.600,1
2.586,0.590,1
2.567,0.583,1
2.549,0.577,1
2.531,0.574,1
2.512,0.564,1
2.493,0.558,1
2.474,0.551,1
2.455,0.545,1
2.437,0.542,1
2.418,0.532,1
2.399,0.534,1
2.381,0.525,1
2.362,0.513,1
2.343,0.507,1
2.324,0.501,1
2.306,0.496,1
1.946,0.491,2
1.931,0.484,2
2.249,0.484,2
2.231,0.481,2
2.213,0.480,2
2.195,0.486,2
2.180,0.485,2
2.164,0.524,1
1.907,0.556,1
1.893,0.492,2
2.120,0.512,1
2.110,0.491,2
1.892,0.482,2
2.084,0.483,2
1.836,0.490,2
1.823,0.588,1
1.814,0.488,2
2.041,0.602,1
2.027,0.628,1
2.018,0.573,1
2.003,0.607,1
1.995,0.613,1
1.980,0.546,1
1.967,0.523,1
1.954,0.522,1
1.941,0.529,1
1.926,1.455,4
1.911,1.447,4
1.894,1.439,4
1.877,1.432,4
1.858,1.429,4
1.841,1.426,4
1.822,1.424,4
1.804,1.421,4
1.786,1.418,4
1.769,1.415,4
1.752,1.415,4
1.734,1.412,4
1.717,1.410,4
1.701,1.408,4
1.686,1.406,4
1.672,1.405,4
1.659,1.410,4
1.653,1.419,4
1.651,1.414,4
1.650,1.412,4
1.649,1.412,4
1.646,1.415,4
1.636,1.411,4
1.629,1.411,4
1.629,1.411,4
1.631,1.412,4
1.627,1.412,4
1.629,1.411,4
1.626,1.412,4
1.628,1.412,4
1.624,1.412,4
1.629,1.412,4
1.604,1.413,4
1.603,1.413,4
1.557,1.413,4
1.556,1.413,4
1.556,1.413,4
1.558,1.413,4
1.558,1.414,4
1.558,1.413,4
1.557,1.414,4
1.556,1.414,4
1.555,1.418,4
1.558,1.419,4
1.554,1.420,4
1.427,0.720,1
1.426,0.718,1
1.423,0.720,1
1.422,0.724,1
1.421,0.721,1
1.417,0.725,1
1.420,0.725,1
1.419,0.723,1
1.421,0.727,1
1.417,0.725,1
1.417,0.728,1
1.543,1.443,4
1.504,0.726,1
1.415,0.727,1
1.413,0.727,1
1.537,0.729,1
1.411,0.727,1
1.417,0.728,1
1.416,0.729,1
1.412,0.730,1
1.411,0.731,1
1.416,0.731,1
1.412,0.732,1
1.411,0.729,1
1.414,0.730,1
1.406,0.731,1
1.407,0.733,1
1.403,0.737,1
1.390,0.744,1
1.380,0.750,1
1.371,0.756,1
1.360,0.769,1
1.350,5.000,4
1.340,2.669,4
1.329,2.657,4
1.321,2.647,4
1.311,2.636,4
1.299,1.327,4
1.315,1.304,4
1.304,1.291,4
1.285,1.281,4
1.274,1.274,4
1.280,1.268,4
1.239,1.258,4
1.222,1.169,4
1.211,1.171,4
1.201,1.174,4
1.191,1.177,4
1.181,1.180,4
1.172,1.180,4
1.159,1.179,4
1.150,0.940,4
1.144,0.947,4
1.135,0.958,4
1.126,1.183,4
1.121,1.184,4
1.107,1.185,4
1.096,1.186,4
1.082,1.189,4
1.072,1.198,4
1.061,2.505,4
1.054,1.007,4
1.044,1.009,4
1.033,1.010,4
1.020,1.015,4
1.005,1.023,4
0.993,1.041,4
0.981,1.029,4
0.973,1.034,4
0.957,1.033,4
0.944,1.003,4
0.931,1.001,4
0.918,1.038,4
0.904,1.039,4
0.894,1.040,3
0.881,1.043,3
0.862,2.575,3
0.847,2.580,3
0.833,4.428,3
0.819,3.743,3
0.811,5.000,3
0.811,1.032,3
0.818,1.027,3
0.821,1.027,3
0.823,1.027,3
0.823,1.027,3
0.823,1.023,3
0.824,1.026,3
0.824,0.982,3
0.824,0.978,3
0.820,0.976,3
0.820,0.972,3
0.820,0.970,3
0.820,0.965,3
0.820,0.964,3
0.821,0.965,3
0.821,0.964,3
0.822,0.962,3
0.823,0.963,3
0.823,0.961,3
0.823,0.955,3
0.822,0.950,3
0.821,0.948,3
0.821,0.946,3
0.820,0.944,3
0.820,0.945,3
0.820,0.944,3
0.823,0.949,3
0.824,0.956,3
0.823,0.958,3
0.819,0.933,3
0.819,0.931,3
0.818,0.928,3
0.817,0.927,3
0.817,0.928,3
0.820,1.016,3
0.820,1.013,3
0.819,1.011,3
0.818,1.009,3
0.813,0.923,3
0.811,0.919,3
0.811,0.992,3
0.810,0.864,3
0.810,0.847,3
0.818,0.840,3
1.224,0.837,1
0.895,0.833,3
0.809,0.830,3
0.807,0.827,3
0.810,0.980,3
0.810,0.983,3
0.811,0.840,3
0.808,0.979,3
0.811,0.978,3
0.818,0.844,3
0.817,0.842,3
0.824,0.842,3
0.886,0.813,3
0.882,0.806,3
0.882,0.800,3
1.224,0.798,1
1.224,0.796,1
1.225,0.793,1
1.226,0.791,1
1.225,0.790,1
1.224,0.790,1
1.221,0.789,1
1.215,0.787,1
1.206,0.784,1
1.196,0.780,1
1.183,0.774,1
1.169,0.768,1
1.153,0.762,1
1.136,0.755,1
1.118,0.748,1
1.100,0.741,1
1.081,0.734,1
1.063,0.727,1
1.044,0.719,1
1.025,0.712,1
1.006,0.705,1
0.986,0.697,1
0.967,0.689,1
0.947,0.681,1
0.928,0.674,1
0.868,0.666,3
0.852,0.658,3
0.835,0.650,3
0.850,0.643,3
0.808,0.635,3
0.801,0.625,3
0.801,0.621,3
0.795,0.622,3
0.798,0.624,3
0.802,0.617,3
0.804,0.618,3
0.807,0.618,3
0.803,0.617,3
0.804,0.617,3
0.804,0.612,3
0.804,0.612,3
0.804,0.611,3
0.804,0.610,3
0.804,0.609,3
0.804,0.607,3
0.804,0.605,3
0.804,0.596,3
0.804,0.594,3
0.804,0.589,3
0.804,0.584,3
0.805,0.583,3
0.806,0.581,3
0.807,0.579,3
0.808,0.581,3
0.807,0.580,3
0.807,0.580,3
0.807,0.580,3
0.807,0.580,3
0.807,0.580,3
0.807,0.579,3
0.807,0.582,3
0.808,0.581,3
0.808,0.579,3
0.808,0.574,3
0.808,0.572,3
0.808,0.571,3
0.808,0.569,3
0.807,0.567,3
0.808,0.565,3
0.808,0.563,3
0.808,0.563,3
0.808,0.563,3
0.808,0.563,3
0.808,0.562,3
0.807,0.562,3
0.807,0.564,3
0.806,0.568,3
0.805,0.566,3
0.805,0.567,3
0.804,0.557,3
0.803,0.552,3
0.803,0.550,3
0.802,0.548,3
0.802,0.543,3
0.806,0.545,3
0.806,0.543,3
0.804,0.542,3
0.800,0.592,3
0.798,0.564,3
0.796,0.543,3
0.795,0.539,3
0.794,0.538,3
0.793,0.541,3
0.793,0.610,3
0.793,0.842,3
0.795,0.825,3
0.817,0.703,3
0.833,0.572,3
0.794,0.674,3
0.794,0.569,3
0.797,0.851,3
0.800,0.556,3
0.817,0.570,3
0.825,0.569,3
1.696,0.572,1
1.699,0.574,1
0.975,0.776,1
0.968,0.776,1
1.698,0.775,1
1.700,0.774,1
1.696,0.774,1
1.694,0.771,1
1.690,0.769,1
1.683,0.766,1
0.948,0.766,1
0.948,0.762,1
0.931,0.756,1
0.913,0.752,1
1.615,0.745,1
1.598,0.735,1
1.580,0.729,1
1.561,0.726,1
1.544,0.715,1
0.881,0.708,3
0.886,0.704,3
1.484,0.697,1
1.468,0.686,1
1.444,0.682,1
0.881,0.675,3
0.860,0.665,3
1.395,0.659,1
0.867,0.653,3
1.360,0.647,1
1.344,0.641,1
1.335,0.639,1
1.331,0.640,1
1.328,0.636,1
1.327,0.658,1
1.324,0.636,1
1.321,0.635,1
0.886,0.634,3
1.316,0.633,1
1.314,0.632,1
1.316,0.632,1
1.313,0.637,1
1.311,0.634,1
1.311,0.633,1
1.306,0.650,1
1.303,0.632,1
1.300,0.628,1
1.298,0.627,1
1.296,0.626,1
1.295,0.625,1
1.293,0.625,1
1.291,0.624,1
1.286,0.623,1
1.287,0.622,1
1.282,0.622,1
1.278,0.623,1
1.275,0.625,1
1.266,0.633,1
0.846,0.612,3
0.832,0.608,3
1.226,0.602,1
1.207,0.597,1
1.191,0.591,1
0.835,0.583,3
1.158,0.582,1
1.144,0.578,1
1.134,0.575,1
1.121,0.568,1
1.108,0.564,1
1.096,0.559,1
0.781,0.552,3
0.766,0.547,3
0.596,0.543,3
1.040,0.534,1
0.586,0.529,3
0.823,0.524,3
0.802,0.520,3
0.987,0.516,1
0.766,0.510,3
0.762,0.507,3
0.762,0.506,3
0.759,0.506,3
0.759,0.506,3
0.761,0.505,3
0.980,0.504,1
0.983,0.504,1
0.972,0.503,1
0.971,0.502,1
0.970,0.501,1
0.969,0.501,1
0.967,0.501,1
0.966,0.501,1
0.964,0.501,1
0.961,0.500,1
0.951,0.499,1
0.943,0.498,1
0.882,0.497,3
0.865,0.495,3
0.906,0.494,2
0.892,0.493,3
0.876,0.491,3
0.866,0.489,3
0.855,0.489,3
0.844,0.488,3
0.835,0.487,3
0.834,0.486,3
0.835,0.484,3
0.836,0.483,3
0.836,0.483,3
0.836,0.482,3
0.836,0.482,3
0.836,0.481,3
0.839,0.480,3
0.842,0.479,3
1.461,0.477,2
1.111,0.476,2
1.110,0.474,2
1.109,0.473,2
1.104,0.472,2
1.102,0.472,2
1.105,0.472,2
1.105,0.472,2
1.101,0.472,2
1.101,0.472,2
1.103,0.472,2
1.102,0.472,2
1.105,0.472,2
1.098,0.473,2
1.500,0.473,2
1.493,0.474,2
1.486,0.475,2
1.479,0.476,2
1.468,0.478,2
1.460,0.480,2
1.456,0.481,2
1.447,0.483,2
1.436,0.484,2
1.427,0.486,2
1.419,0.488,2
1.412,0.490,2
1.406,0.492,2
1.397,0.494,2
1.389,0.497,1
1.315,0.499,1
1.304,0.502,1
1.299,0.504,1
1.358,0.508,1
1.349,0.512,1
1.339,0.516,1
1.329,0.521,1
1.318,0.527,1
1.306,0.533,1
1.295,0.539,1
1.284,0.545,1
1.266,0.552,1
1.248,0.559,1
1.233,0.566,1
1.212,0.573,1
1.164,0.580,1
1.145,0.587,1
1.123,0.594,1
1.103,0.601,1
1.081,0.608,1
1.061,0.616,1
1.043,0.623,1
1.024,0.630,1
1.005,0.637,1
0.985,0.645,1
0.966,0.652,1
0.947,0.659,1
0.928,0.664,1
0.910,0.668,1
0.893,0.675,3
0.874,0.683,3
0.856,0.689,3
0.837,0.690,3
0.822,0.691,3
1.091,0.693,1
1.088,0.694,1
1.442,0.697,1
1.440,0.695,1
1.445,0.695,1
1.444,0.696,1
1.442,0.697,1
1.439,0.698,1
1.437,0.699,1
1.436,0.699,1
1.435,0.699,1
1.430,0.700,1
1.427,0.701,1
1.422,0.703,1
1.056,0.706,1
1.047,0.709,1
1.041,0.714,1
1.031,0.720,1
1.026,0.726,1
1.018,0.733,1
1.010,0.740,1
0.667,0.747,3
0.645,0.755,3
0.625,0.763,3
0.609,0.770,3
0.593,0.778,3
0.575,0.785,3
0.565,0.788,3
0.554,0.783,3
0.548,0.776,3
0.549,0.774,3
0.553,0.774,3
0.556,0.771,3
0.563,0.770,3
0.569,0.769,3
0.569,0.769,3
0.998,0.768,1
0.995,0.768,1
0.995,0.767,1
0.994,0.766,1
0.996,0.766,1
0.995,0.766,1
0.990,0.766,1
0.985,0.765,1
0.978,0.764,1
0.968,0.763,1
0.956,0.766,1
0.942,0.765,1
0.928,0.768,1
0.913,0.768,1
0.898,0.771,3
0.882,0.771,3
0.865,0.770,3
0.848,0.764,3
0.832,0.765,3
0.816,0.766,3
0.802,0.767,3
0.786,0.768,3
0.781,0.768,3
0.782,0.769,3
0.783,0.768,3
0.785,0.770,3
0.785,0.768,3
0.784,0.767,3
0.784,0.868,3
0.783,0.870,3
0.783,0.870,3
0.782,0.869,3
0.780,0.771,3
0.779,0.766,3
0.778,0.760,3
0.777,0.754,3
0.776,0.749,3
0.776,0.747,3
0.776,0.746,3
0.777,0.748,3
0.777,0.747,3
0.780,0.747,3
0.780,0.747,3
0.779,0.746,3
0.785,0.391,3
1.556,0.386,2
0.828,0.374,3
0.782,0.372,3
0.777,0.371,3
0.776,0.366,3
0.775,0.364,3
0.774,0.366,3
0.776,0.375,3
0.779,0.746,3
0.796,0.750,3
1.807,0.364,2
1.799,0.354,2
1.798,0.352,2
0.944,0.350,2
1.795,0.350,2
0.935,0.350,2
0.942,0.350,2
1.794,0.350,2
1.794,0.350,2
0.938,0.350,2
0.937,0.350,2
0.937,0.350,2
0.943,0.350,2
0.939,0.350,2
0.933,0.350,2
0.936,0.350,2
0.936,0.350,2
0.932,0.350,2
0.935,0.350,2
0.935,0.350,2
0.935,0.350,2
0.935,0.350,2
0.931,0.350,2
0.935,0.350,2
0.931,0.353,2
0.933,0.353,2
0.930,0.744,1
0.923,0.743,1
0.915,0.743,1
0.909,0.740,1
0.902,0.740,1
0.893,0.733,3
0.886,0.726,3
1.717,0.376,2
1.704,0.371,2
2.695,0.372,2
2.682,0.377,2
2.672,0.396,2
2.659,0.692,1
2.647,0.688,1
2.636,0.684,1
2.625,0.680,1
2.616,0.460,2
2.608,0.674,1
2.598,0.461,2
2.586,0.469,2
2.579,0.662,1
2.562,0.658,1
2.552,0.655,1
2.538,0.651,1
1.498,0.647,1
1.480,0.644,1
1.465,0.511,1
1.449,0.527,1
1.429,0.633,1
1.414,0.626,1
1.396,0.582,1
1.378,0.584,1
1.359,0.613,1
1.344,0.614,1
1.325,0.611,1
1.306,0.607,1
2.287,0.603,1
2.266,0.599,1
2.245,0.595,1
2.224,0.591,1
2.204,0.585,1
2.184,0.582,1
2.164,0.579,1
2.145,0.578,1
2.126,0.575,1
2.108,0.572,1
2.089,0.569,1
2.070,0.566,1
2.051,0.563,1
2.032,0.559,1
2.013,0.556,1
1.995,0.553,1
1.976,0.549,1
1.957,0.546,1
1.939,0.542,1
1.920,0.538,1
1.902,0.534,1
1.884,0.530,1
0.592,0.527,3
0.587,0.523,3
0.583,0.519,3
0.576,0.515,3
0.575,0.511,3
0.572,0.507,3
0.568,0.504,3
0.803,0.500,3
0.801,0.498,3
0.802,0.497,3
0.802,0.497,3
0.802,0.496,3
0.802,0.496,3
0.802,0.496,3
0.802,0.495,3
0.802,0.494,3
0.804,0.493,3
1.542,0.492,2
1.542,0.491,2
1.545,0.490,2
1.754,0.489,2
1.754,0.489,2
1.753,0.489,2
1.753,0.489,2
1.754,0.489,2
1.753,0.489,2
1.752,0.488,2
1.749,0.488,2
1.745,0.487,2
0.589,0.487,3
0.590,0.486,3
0.590,0.486,3
1.715,0.484,2
1.706,0.483,2
1.697,0.482,2
1.690,0.481,2
1.684,0.480,2
1.677,0.480,2
1.470,0.480,2
1.663,0.480,2
1.453,0.481,2
1.449,0.481,2
1.435,0.482,2
1.428,0.483,2
1.417,0.485,2
1.415,0.486,2
1.417,0.488,2
1.592,0.490,2
1.581,0.492,2
1.571,0.494,2
1.560,0.496,1
1.550,0.497,1
1.540,0.499,1
1.529,0.502,1
1.518,0.504,1
1.505,0.507,1
1.491,0.511,1
1.476,0.515,1
1.460,0.520,1
1.443,0.524,1
1.426,0.530,1
1.408,0.535,1
1.390,0.541,1
1.372,0.546,1
1.354,0.553,1
1.336,0.558,1
1.318,0.564,1
1.300,0.570,1
1.282,0.576,1
1.264,0.583,1
1.245,0.589,1
1.225,0.595,1
1.206,0.601,1
1.186,0.608,1
1.167,0.614,1
1.147,0.621,1
1.131,0.627,1
1.111,0.633,1
1.091,0.640,1
1.072,0.646,1
1.052,0.653,1
1.030,0.659,1
1.011,0.663,1
0.991,0.670,1
0.972,0.682,1
0.952,0.686,1
0.933,0.693,1
0.914,0.700,1
0.895,0.707,3
0.876,0.714,3
0.857,0.721,3
0.838,0.728,3
0.819,0.735,3
0.801,0.742,3
0.785,0.747,3
0.776,0.748,3
0.777,0.746,3
0.780,0.744,3
0.780,0.744,3
0.780,0.744,3
0.779,0.744,3
0.779,0.744,3
0.779,0.743,3
0.779,0.743,3
0.778,0.743,3
0.778,0.743,3
0.778,0.743,3
0.778,0.742,3
0.778,0.742,3
0.780,0.741,3
0.779,0.744,3
0.774,0.743,3
0.773,0.748,3
0.772,0.743,3
0.771,0.738,3
0.770,0.737,3
0.769,0.737,3
0.768,0.739,3
0.767,0.739,3
0.766,0.743,3
0.766,0.749,3
0.771,1.151,3
0.875,0.746,3
0.818,0.789,3
0.768,0.784,3
0.767,0.783,3
0.767,0.784,3
0.770,0.810,3
0.773,0.769,3
0.786,0.763,3
0.797,0.756,3
1.543,0.753,1
1.544,0.749,1
0.780,0.746,3
1.544,0.743,1
1.543,0.745,1
1.541,0.741,1
1.540,0.741,1
1.539,0.741,1
1.538,0.740,1
1.534,0.739,1
1.527,0.737,1
1.518,0.733,1
1.506,0.729,1
1.492,0.724,1
1.478,0.718,1
1.463,0.712,1
1.446,0.709,1
1.430,0.702,1
1.415,0.696,1
1.397,0.692,1
1.375,0.686,1
1.356,0.676,1
1.337,0.670,1
1.322,0.667,1
1.300,0.657,1
1.281,0.651,1
1.265,0.644,1
1.246,0.638,1
1.226,0.632,1
1.206,0.625,1
1.184,0.619,1
1.164,0.611,1
1.144,0.604,1
1.124,0.598,1
1.108,0.590,1
1.085,0.584,1
1.066,0.580,1
1.048,0.577,1
1.029,0.567,1
1.010,0.561,1
0.755,0.555,3
0.712,0.551,3
0.684,0.542,3
0.669,0.536,3
0.658,0.529,3
0.655,0.520,3
0.886,0.515,3
0.880,0.506,3
0.570,0.504,3
0.568,0.504,3
0.565,0.505,3
0.887,0.505,3
0.886,0.504,3
0.565,0.503,3
0.886,0.502,3
0.889,0.501,3
0.889,0.501,3
0.889,0.500,3
0.888,0.500,3
0.889,0.499,3
0.889,0.498,3
0.889,0.497,3
0.889,0.495,3
0.890,0.494,3
0.890,0.493,3
0.891,0.491,3
0.891,0.490,3
0.888,0.489,3
0.584,0.486,3
0.891,0.484,3
0.893,0.482,3
0.892,0.480,3
0.892,0.479,3
0.893,0.477,3
0.892,0.475,3
0.892,0.473,3
0.892,0.472,3
0.893,0.470,3
0.895,0.467,3
0.887,0.464,3
0.890,0.461,3
0.889,0.459,3
0.888,0.457,3
0.887,0.455,3
0.887,0.453,3
0.886,0.451,3
0.889,0.450,3
0.882,0.452,3
0.887,0.463,3
0.877,0.451,3
0.880,0.447,3
0.879,0.446,3
0.878,0.446,3
0.876,0.445,3
0.876,0.448,3
0.878,0.475,3
0.877,0.504,3
0.879,0.553,3
0.887,0.453,3
0.899,0.457,3
0.877,0.545,3
0.873,0.539,3
0.876,1.053,3
0.882,0.470,3
0.892,0.469,3
3.287,0.474,2
3.284,0.481,2
3.284,0.858,1
3.285,0.855,1
3.285,0.851,1
3.288,0.851,1
3.291,0.851,1
3.285,0.851,1
3.278,0.848,1
3.266,0.845,1
3.256,0.843,1
3.244,0.835,1
3.230,0.832,1
3.215,0.822,1
3.202,0.817,1
3.187,0.593,1
3.163,0.800,1
3.144,0.792,1
3.126,0.788,1
1.022,0.777,1
3.090,0.769,1
3.067,0.765,1
3.051,0.758,1
3.031,0.750,1
0.949,0.740,1
0.929,0.732,1
0.910,0.728,1
2.954,0.718,1
2.935,0.714,1
2.916,0.723,1
2.898,0.714,1
2.880,0.704,1
2.862,0.697,1
2.844,0.689,1
2.826,0.683,1
2.808,0.675,1
2.790,0.686,1
2.771,0.666,1
2.752,0.663,1
2.733,0.673,1
2.714,0.649,1
2.696,0.643,1
2.678,0.636,1
2.659,0.630,1
2.641,0.622,1
2.622,0.613,1
2.601,0.609,1
2.582,0.599,1
2.566,0.596,1
2.547,0.587,1
2.526,0.580,1
2.507,0.574,1
2.488,0.567,1
2.470,0.561,1
2.452,0.557,1
2.434,0.551,1
2.415,0.543,1
2.397,0.537,1
2.378,0.527,1
2.360,0.523,1
2.342,0.535,1
2.323,0.524,1
2.305,0.506,1
2.287,0.503,1
1.923,0.492,2
1.900,0.487,2
1.887,0.483,2
2.211,0.480,2
2.193,0.478,2
2.176,0.479,2
2.159,0.497,1
2.143,0.486,2
2.127,0.503,1
2.112,0.514,1
2.098,0.492,2
2.084,0.479,2
2.071,0.483,2
1.813,0.630,1
1.796,0.482,2
1.789,0.621,1
1.782,0.625,1
1.770,0.597,1
2.001,0.601,1
1.788,0.605,1
1.771,0.571,1
1.964,0.544,1
1.952,0.579,1
1.941,0.522,1
1.927,0.530,1
1.910,0.516,1
1.893,1.428,4
1.876,1.419,4
1.859,1.413,4
1.840,1.405,4
1.820,1.400,4
1.801,1.398,4
1.782,1.394,4
1.763,1.389,4
1.745,1.386,4
1.727,1.381,4
1.633,1.380,4
1.693,1.384,4
1.678,1.412,4
1.663,1.378,4
1.649,1.372,4
1.569,1.369,4
1.559,1.367,4
1.578,1.364,4
1.547,1.361,4
1.555,1.358,4
1.450,1.362,4
1.369,2.692,4
1.358,2.689,4
1.342,2.686,4
1.332,0.753,1
1.347,0.761,1
1.333,0.772,1
1.307,0.775,1
1.300,0.785,1
1.292,0.856,1
1.284,0.935,4
1.276,2.253,4
1.265,1.319,4
1.254,1.324,4
1.245,1.336,4
1.234,2.293,4
1.226,0.832,1
1.211,0.834,1
1.197,0.839,1
1.182,0.843,1
1.163,0.847,1
1.147,0.854,1
1.131,0.860,1
1.115,2.358,4
1.098,2.365,4
1.081,2.372,4
1.064,0.875,1
1.047,0.883,1
1.031,0.891,1
1.014,2.401,4
0.997,2.407,4
0.980,0.895,1
0.966,0.897,1
0.948,0.903,4
0.932,0.908,4
0.915,0.913,4
0.899,0.916,3
0.883,0.922,3
0.867,0.927,3
0.851,0.932,3
0.836,0.938,3
0.822,0.917,3
0.816,0.903,3
0.817,0.897,3
0.817,0.891,3
0.822,0.890,3
0.822,0.894,3
0.822,0.890,3
0.818,0.890,3
0.817,0.890,3
0.816,0.889,3
0.816,0.888,3
0.814,0.887,3
0.814,0.886,3
0.813,0.885,3
0.812,0.884,3
0.815,0.889,3
0.815,0.978,3
0.815,0.898,3
0.813,0.970,3
0.812,0.881,3
0.807,0.877,3
0.806,0.877,3
0.805,0.901,3
0.804,0.963,3
0.803,0.871,3
0.805,0.954,3
0.805,0.887,3
0.807,0.837,3
0.823,0.834,3
0.874,0.830,3
0.806,0.822,3
0.802,0.819,3
0.804,0.818,3
0.807,0.814,3
0.813,0.826,3
0.881,0.798,3
0.892,0.792,3
0.893,0.788,3
0.895,0.785,3
1.265,0.782,1
1.269,0.779,1
1.270,0.786,1
1.270,0.774,1
1.268,0.769,1
1.265,0.776,1
1.259,0.789,1
1.251,0.776,1
1.241,0.770,1
1.229,0.766,1
1.215,0.754,1
1.200,0.752,1
1.076,0.747,1
1.057,0.741,1
1.041,0.739,1
1.025,0.727,1
1.110,0.725,1
1.004,0.719,1
1.071,0.713,1
1.051,0.710,1
1.031,0.708,1
1.012,0.692,1
0.992,0.689,1
0.972,0.687,1
0.950,0.674,1
0.934,0.671,1
0.915,0.665,1
0.893,0.660,3
0.874,0.654,3
0.856,0.648,3
0.837,0.645,3
0.818,0.632,3
0.801,0.634,3
0.786,0.619,3
0.778,0.608,3
0.779,0.603,3
0.782,0.602,3
0.784,0.602,3
0.784,0.603,3
0.784,0.602,3
0.784,0.602,3
0.783,0.601,3
0.783,0.596,3
0.783,0.595,3
0.784,0.594,3
0.784,0.592,3
0.784,0.590,3
0.785,0.589,3
0.786,0.588,3
0.786,0.587,3
0.785,0.590,3
0.784,0.584,3
0.784,0.578,3
0.783,0.576,3
0.783,0.574,3
0.783,0.572,3
0.783,0.570,3
0.782,0.572,3
0.781,0.577,3
0.780,0.568,3
0.779,0.562,3
0.778,0.557,3
0.777,0.555,3
0.776,0.553,3
0.779,0.555,3
0.779,0.553,3
0.773,0.552,3
0.771,0.564,3
0.769,0.552,3
0.767,0.551,3
0.765,0.551,3
0.763,0.550,3
0.762,0.578,3
0.761,0.588,3
0.763,0.798,3
0.766,0.686,3
0.779,0.586,3
0.765,0.681,3
0.761,0.663,3
0.760,0.775,3
0.763,0.813,3
0.766,0.567,3
0.776,0.572,3
0.794,0.577,3
1.650,0.750,1
1.665,0.743,1
1.664,0.741,1
1.664,0.738,1
0.934,0.736,1
0.925,0.736,1
0.917,0.734,1
0.873,0.731,3
0.910,0.727,1
0.892,0.722,3
0.887,0.716,3
0.871,0.710,3
0.856,0.703,3
1.556,0.697,1
1.547,0.692,1
1.536,0.691,1
1.533,0.687,1
1.533,0.686,1
1.531,0.686,1
1.529,0.685,1
1.527,0.685,1
1.524,0.684,1
1.523,0.683,1
1.522,0.682,1
0.904,0.682,1
0.900,0.680,3
0.892,0.676,3
1.492,0.672,1
1.479,0.668,1
0.851,0.666,3
0.844,0.661,3
1.439,0.657,1
0.880,0.655,3
1.415,0.651,1
1.407,0.643,1
1.396,0.636,1
1.385,0.632,1
1.374,0.629,1
1.360,0.622,1
1.348,0.618,1
0.885,0.613,3
1.315,0.608,1
1.302,0.604,1
1.287,0.598,1
1.269,0.593,1
1.252,0.588,1
1.235,0.583,1
1.219,0.579,1
1.203,0.575,1
1.187,0.570,1
0.867,0.565,3
1.154,0.561,1
1.140,0.556,1
1.123,0.552,1
1.106,0.547,1
1.090,0.543,1
1.074,0.539,1
1.060,0.535,1
1.049,0.532,1
1.037,0.528,1
1.021,0.521,1
1.006,0.518,1
0.986,0.516,1
0.967,0.513,1
0.826,0.510,3
0.930,0.508,1
0.855,0.506,3
0.898,0.503,3
0.879,0.501,3
0.863,0.499,3
0.848,0.496,3
0.834,0.494,3
0.824,0.493,3
0.821,0.490,3
0.827,0.490,3
0.828,0.490,3
0.829,0.490,3
0.829,0.490,3
0.828,0.489,3
0.828,0.489,3
0.828,0.488,3
0.831,0.487,3
0.828,0.486,3
0.832,0.485,3
0.831,0.484,3
0.834,0.483,3
1.447,0.482,2
1.101,0.481,2
1.101,0.480,2
1.100,0.479,2
1.100,0.479,2
1.096,0.480,2
1.095,0.479,2
1.098,0.480,2
1.095,0.479,2
1.092,0.480,2
1.086,0.480,2
1.077,0.480,2
0.823,0.481,3
1.473,0.481,2
1.464,0.482,2
1.455,0.483,2
1.446,0.484,2
1.438,0.484,2
1.428,0.485,2
1.421,0.486,2
1.414,0.487,2
1.410,0.488,2
1.403,0.490,2
1.395,0.491,2
1.387,0.493,2
1.379,0.494,2
1.371,0.496,1
1.366,0.497,1
1.355,0.499,1
1.279,0.502,1
1.274,0.504,1
1.330,0.508,1
1.320,0.512,1
1.310,0.517,1
1.298,0.522,1
1.286,0.528,1
1.275,0.534,1
1.264,0.540,1
1.246,0.547,1
1.228,0.554,1
1.210,0.561,1
1.191,0.568,1
1.172,0.575,1
1.156,0.582,1
1.101,0.589,1
1.082,0.596,1
1.060,0.603,1
1.040,0.610,1
1.021,0.618,1
1.002,0.625,1
0.982,0.632,1
0.963,0.640,1
0.945,0.647,1
0.926,0.651,1
0.907,0.655,1
0.889,0.669,3
0.871,0.671,3
0.853,0.676,3
0.835,0.674,3
0.821,0.675,3
1.085,0.680,1
1.469,0.680,1
1.467,0.678,1
1.471,0.676,1
1.471,0.676,1
1.470,0.677,1
1.468,0.678,1
1.463,0.680,1
1.456,0.682,1
1.065,0.685,1
1.056,0.690,1
1.049,0.695,1
1.038,0.701,1
1.029,0.707,1
0.714,0.715,3
0.695,0.723,3
0.672,0.734,3
0.653,0.742,3
0.639,0.750,3
0.625,0.757,3
0.612,0.764,3
0.601,0.767,3
0.595,0.766,3
0.595,0.765,3
0.596,0.761,3
0.597,0.760,3
0.600,0.760,3
0.600,0.759,3
0.603,0.758,3
1.056,0.757,1
1.062,0.756,1
1.062,0.755,1
1.424,0.754,1
1.422,0.754,1
1.421,0.755,1
1.597,0.757,1
1.054,0.758,1
1.595,0.760,1
1.586,0.763,1
1.066,0.767,1
1.219,0.772,1
1.205,0.779,1
0.993,0.782,1
0.976,0.782,1
0.960,0.781,1
0.941,0.781,1
0.925,0.775,1
0.909,0.776,1
0.889,0.777,3
0.872,0.779,3
0.856,0.781,3
0.839,0.784,3
0.822,0.791,3
0.806,0.901,3
0.792,0.902,3
0.779,0.901,3
0.771,0.805,3
0.769,0.800,3
0.770,0.799,3
0.770,0.798,3
0.770,0.794,3
0.770,0.793,3
0.769,0.792,3
0.769,0.791,3
0.769,0.791,3
0.769,0.790,3
0.769,0.789,3
0.768,0.789,3
0.768,0.789,3
0.768,0.788,3
0.768,0.787,3
0.768,0.405,3
0.768,0.397,3
0.770,0.393,3
0.770,0.392,3
0.776,0.390,3
0.784,0.389,3
0.773,0.384,3
0.769,0.386,3
0.768,0.411,3
0.768,0.782,3
0.770,0.430,3
0.774,0.808,3
0.784,0.379,3
1.772,0.372,2
1.768,0.369,2
0.915,0.367,2
0.917,0.747,1
0.912,0.745,1
0.912,0.745,1
0.908,0.746,1
0.908,0.746,1
0.911,0.746,1
0.912,0.745,1
0.905,0.743,1
0.899,0.740,3
0.888,0.736,3
0.879,0.732,3
0.871,0.726,3
0.856,0.393,3
0.849,0.379,3
1.673,0.382,2
1.669,0.386,2
2.672,0.392,2
2.672,0.701,1
2.075,0.404,2
1.671,0.398,2
2.075,0.402,2
2.670,0.430,2
2.666,0.428,2
2.662,0.697,1
2.655,0.695,1
2.648,0.689,1
2.640,0.685,1
2.630,0.682,1
2.620,0.678,1
2.403,0.675,1
2.389,0.481,2
2.585,0.667,1
2.569,0.663,1
2.549,0.659,1
2.325,0.555,1
1.500,0.650,1
1.479,0.536,1
1.458,0.642,1
1.440,0.638,1
1.421,0.633,1
1.412,0.628,1
2.395,0.624,1
1.367,0.619,1
1.348,0.615,1
1.326,0.610,1
1.309,0.606,1
1.286,0.601,1
1.270,0.597,1
1.264,0.592,1
1.248,0.587,1
1.214,0.582,1
1.989,0.578,1
1.970,0.571,1
2.159,0.567,1
1.933,0.565,1
1.917,0.561,1
1.895,0.557,1
1.105,0.553,1
1.088,0.549,1
2.044,0.545,1
2.024,0.541,1
2.004,0.537,1
1.984,0.533,1
1.964,0.529,1
1.943,0.525,1
1.924,0.521,1
1.904,0.517,1
1.885,0.513,1
0.575,0.510,3
0.575,0.506,3
1.828,0.502,1
0.574,0.498,3
1.790,0.494,2
1.773,0.491,2
0.803,0.488,3
0.787,0.485,3
0.776,0.482,3
0.765,0.480,3
0.763,0.478,3
0.766,0.479,3
0.766,0.478,3
0.766,0.478,3
0.766,0.477,3
0.765,0.477,3
0.765,0.473,3
0.767,0.476,3
0.767,0.475,3
0.767,0.474,3
0.779,0.473,3
1.512,0.472,2
1.505,0.471,2
1.514,0.470,2
1.726,0.468,2
1.725,0.468,2
1.724,0.469,2
1.724,0.469,2
1.724,0.469,2
1.724,0.469,2
1.724,0.469,2
1.724,0.469,2
1.723,0.469,2
1.723,0.469,2
1.723,0.468,2
1.723,0.468,2
1.723,0.469,2
1.723,0.468,2
1.722,0.468,2
1.720,0.468,2
0.569,0.468,3
1.711,0.467,2
1.704,0.466,2
1.696,0.466,2
0.570,0.465,3
1.680,0.464,2
1.672,0.463,2
1.663,0.463,2
1.655,0.462,2
1.647,0.461,2
1.639,0.461,2
1.426,0.461,2
1.415,0.462,2
1.413,0.462,2
1.603,0.463,2
1.593,0.464,2
1.380,0.465,2
1.371,0.466,2
1.363,0.467,2
1.355,0.469,2
1.347,0.471,2
1.340,0.472,2
1.332,0.474,2
1.515,0.476,2
1.505,0.478,2
1.494,0.479,2
1.484,0.481,2
1.473,0.482,2
1.464,0.484,2
1.454,0.486,2
1.444,0.488,2
1.434,0.490,2
1.424,0.492,2
1.415,0.494,2
1.406,0.497,1
1.397,0.499,1
1.387,0.502,1
1.377,0.505,1
1.366,0.508,1
1.354,0.512,1
1.340,0.517,1
1.326,0.523,1
1.311,0.528,1
1.298,0.534,1
1.279,0.541,1
1.262,0.549,1
1.245,0.556,1
1.227,0.565,1
1.209,0.571,1
1.192,0.579,1
1.174,0.587,1
1.156,0.595,1
1.141,0.603,1
1.122,0.611,1
1.103,0.619,1
1.084,0.627,1
1.065,0.636,1
1.043,0.645,1
1.024,0.651,1
1.006,0.662,1
0.988,0.670,1
0.970,0.678,1
0.952,0.687,1
0.933,0.696,1
0.915,0.705,1
0.897,0.714,3
0.878,0.722,3
0.860,0.730,3
0.843,0.738,3
0.825,0.746,3
0.809,0.753,3
0.794,0.759,3
0.785,0.762,3
0.784,0.760,3
0.787,0.759,3
0.788,0.758,3
0.789,0.758,3
0.788,0.758,3
0.788,0.758,3
0.791,0.758,3
0.791,0.757,3
0.789,0.757,3
0.785,0.759,3
0.784,0.758,3
0.783,0.766,3
0.783,0.760,3
0.782,0.759,3
0.782,0.759,3
0.781,0.755,3
0.780,0.755,3
0.779,0.754,3
0.777,0.754,3
0.776,0.754,3
0.775,0.757,3
0.774,0.757,3
0.774,0.760,3
0.773,0.764,3
0.776,0.794,3
0.778,0.803,3
0.783,0.763,3
0.826,0.795,3
0.776,0.792,3
0.775,0.769,3
0.775,0.789,3
0.778,0.805,3
0.778,0.775,3
0.784,0.768,3
0.805,0.765,3
1.529,0.762,1
1.531,0.758,1
0.791,0.756,3
1.532,0.753,1
1.530,0.752,1
1.529,0.751,1
1.528,0.751,1
1.528,0.751,1
1.527,0.750,1
1.527,0.750,1
1.525,0.750,1
1.521,0.748,1
1.514,0.745,1
1.504,0.742,1
1.493,0.738,1
1.480,0.732,1
1.465,0.726,1
1.450,0.720,1
1.433,0.714,1
1.416,0.706,1
1.397,0.700,1
1.379,0.693,1
1.361,0.686,1
1.342,0.679,1
1.323,0.673,1
1.304,0.666,1
1.285,0.658,1
1.267,0.652,1
1.248,0.645,1
1.229,0.638,1
1.209,0.631,1
1.190,0.624,1
1.170,0.617,1
1.151,0.609,1
1.132,0.602,1
1.114,0.595,1
1.096,0.587,1
1.078,0.580,1
1.060,0.573,1
1.042,0.566,1
1.024,0.559,1
1.006,0.551,1
0.987,0.544,1
0.969,0.536,1
0.715,0.529,3
0.677,0.522,3
0.651,0.514,3
0.628,0.506,3
0.606,0.498,3
0.591,0.490,3
0.585,0.484,3
0.573,0.478,3
0.835,0.479,3
0.837,0.483,3
0.839,0.482,3
0.839,0.481,3
0.839,0.479,3
0.837,0.476,3
0.831,0.475,3
0.834,0.470,3
0.834,0.470,3
0.831,0.469,3
0.831,0.468,3
0.527,0.466,3
0.832,0.464,3
0.836,0.462,3
0.839,0.460,3
0.842,0.455,3
0.843,0.456,3
0.843,0.454,3
0.841,0.453,3
0.838,0.451,3
0.838,0.449,3
0.838,0.447,3
0.834,0.445,3
0.837,0.443,3
0.845,0.441,3
0.846,0.439,3
0.845,0.437,3
0.845,0.435,3
0.846,0.433,3
0.847,0.431,3
0.836,0.428,3
0.835,0.425,3
0.834,0.423,3
0.834,0.420,3
0.842,0.417,3
0.841,0.415,3
0.841,0.414,3
0.844,0.412,3
0.843,0.411,3
0.831,0.413,3
0.827,0.414,3
0.826,0.413,3
0.825,0.408,3
0.826,0.408,3
0.828,0.408,3
0.830,0.411,3
0.829,0.423,3
0.828,0.441,3
0.830,0.467,3
0.836,0.418,3
0.840,0.419,3
5.000,0.427,2
0.828,0.484,3
0.827,0.999,3
0.830,0.431,3
0.832,0.433,3
0.835,0.434,3
0.835,0.430,3
0.835,0.430,3
0.835,0.430,3
0.839,0.428,3
0.852,0.431,3
0.856,0.432,3
3.332,0.433,2
3.333,0.437,2
3.334,0.442,2
3.334,0.453,2
3.335,0.817,1
3.334,0.818,1
3.334,0.801,1
3.333,0.818,1
3.332,0.814,1
3.329,0.817,1
3.323,0.810,1
3.314,0.803,1
3.302,0.799,1
3.288,0.790,1
3.271,0.783,1
3.256,0.780,1
3.242,0.770,1
3.224,0.762,1
3.203,0.754,1
3.188,0.591,1
3.168,0.741,1
3.149,0.632,1
3.129,0.654,1
3.110,0.715,1
0.881,0.707,3
3.071,0.699,1
3.051,0.691,1
3.031,0.683,1
3.012,0.675,1
2.994,0.668,1
2.973,0.661,1
2.957,0.654,1
2.940,0.648,1
0.811,0.641,3
0.795,0.638,3
0.778,0.648,3
0.781,0.636,3
2.859,0.629,1
0.749,0.620,3
2.835,0.612,1
2.829,0.608,1
2.828,0.607,1
2.828,0.604,1
2.827,0.607,1
2.826,0.608,1
2.825,0.607,1
2.823,0.607,1
2.821,0.606,1
2.819,0.606,1
2.817,0.606,1
2.815,0.605,1
2.813,0.605,1
2.809,0.600,1
2.801,0.599,1
2.791,0.600,1
2.780,0.597,1
2.767,0.592,1
2.752,0.589,1
2.736,0.587,1
2.719,0.580,1
2.702,0.575,1
2.684,0.565,1
2.665,0.562,1
2.647,0.558,1
2.628,0.558,1
2.609,0.575,1
2.589,0.538,1
2.569,0.529,1
2.550,0.523,1
2.530,0.512,1
2.510,0.512,1
2.491,0.503,1
2.471,0.496,1
2.451,0.486,2
2.431,0.479,2
2.411,0.470,2
2.391,0.464,2
2.372,0.458,2
2.354,0.452,2
2.337,0.448,2
2.320,0.444,2
2.304,0.441,2
2.288,0.439,2
2.274,0.440,2
2.258,0.439,2
2.248,0.445,2
2.233,0.450,2
2.222,0.449,2
2.214,0.459,2
2.205,0.466,2
2.195,0.445,2
2.184,0.441,2
2.179,0.437,2
2.181,0.436,2
2.181,0.436,2
2.179,0.436,2
2.179,0.436,2
2.181,0.436,2
2.177,0.436,2
2.174,0.436,2
2.169,0.436,2
2.163,0.436,2
2.155,0.507,1
2.147,0.444,2
2.138,0.442,2
2.129,0.487,2
2.119,0.486,2
2.107,0.495,1
2.096,3.091,4
2.085,3.097,4
2.074,0.457,2
2.062,0.458,2
2.049,0.462,2
2.035,0.473,2
2.021,0.492,2
2.008,0.481,2
1.995,1.464,4
1.981,1.455,4
1.968,1.452,4
1.956,1.447,4
1.943,1.446,4
1.931,1.444,4
1.918,1.442,4
1.905,1.441,4
1.891,1.437,4
1.877,1.435,4
1.862,1.434,4
1.848,1.433,4
1.833,1.431,4
1.818,1.430,4
1.804,1.431,4
1.790,1.430,4
1.776,1.431,4
1.762,1.440,4
1.686,1.432,4
1.677,1.424,4
1.658,1.422,4
1.646,1.421,4
1.637,0.664,1
1.524,0.665,1
1.425,0.675,1
1.418,0.686,1
1.416,0.693,1
1.403,0.696,1
1.393,0.795,1
1.413,0.805,1
1.414,0.819,1
1.410,0.830,1
1.359,0.915,4
1.345,0.982,4
1.332,2.168,4
1.318,0.880,1
1.304,2.192,4
1.290,2.204,4
1.277,2.217,4
1.263,2.229,4
1.249,1.292,4
1.236,1.297,4
1.223,1.305,4
1.210,1.312,4
1.201,1.319,4
1.190,2.290,4
1.181,2.298,4
1.170,2.304,4
1.157,1.762,4
1.144,1.772,4
1.132,2.326,4
1.120,2.333,4
1.108,2.340,4
1.096,2.347,4
1.083,0.844,1
1.071,0.848,1
1.059,0.814,1
1.046,0.820,1
1.032,0.820,1
1.017,0.859,1
0.999,0.825,1
0.982,0.828,1
0.965,0.831,1
0.947,0.829,1
0.929,0.828,1
0.910,0.830,1
0.891,0.833,3
0.872,0.835,3
0.853,0.835,3
0.834,0.837,3
0.814,0.840,3
0.796,0.843,3
0.780,0.845,3
0.775,0.844,3
0.778,0.843,3
0.780,0.842,3
0.782,0.841,3
0.783,0.841,3
0.782,0.844,3
0.782,0.844,3
0.782,0.842,3
0.783,0.845,3
0.786,0.841,3
0.783,0.840,3
0.784,0.838,3
0.787,0.834,3
0.786,0.833,3
0.786,0.831,3
0.782,0.829,3
0.781,0.828,3
0.780,0.826,3
0.780,0.825,3
0.779,0.823,3
0.779,0.822,3
0.781,0.830,3
0.781,0.905,3
0.780,0.834,3
0.778,0.825,3
0.772,0.831,3
0.770,0.821,3
0.769,0.820,3
0.768,0.854,3
0.767,0.890,3
0.766,0.884,3
0.766,0.826,3
0.769,0.822,3
0.768,0.798,3
0.780,0.794,3
0.796,0.791,3
0.767,0.787,3
0.766,0.784,3
0.766,0.780,3
0.768,0.773,3
0.771,0.770,3
0.784,0.767,3
0.843,0.763,3
0.885,0.755,3
0.887,0.752,3
0.885,0.749,3
1.333,0.748,1
1.338,0.742,1
1.339,0.735,1
1.335,0.733,1
1.333,0.732,1
1.331,0.732,1
1.329,0.732,1
1.323,0.732,1
1.315,0.731,1
1.304,0.731,1
1.295,0.724,1
1.280,0.719,1
1.264,0.715,1
1.247,0.710,1
1.230,0.709,1
1.211,0.700,1
1.048,0.694,1
1.025,0.689,1
1.005,0.684,1
0.988,0.678,1
0.971,0.673,1
0.955,0.667,1
0.938,0.662,1
0.922,0.656,1
0.905,0.650,1
0.886,0.638,3
0.954,0.627,1
0.935,0.618,1
0.915,0.612,1
0.897,0.606,3
0.880,0.601,3
0.864,0.597,3
0.849,0.593,3
0.835,0.589,3
0.824,0.585,3
0.822,0.583,3
0.825,0.578,3
0.826,0.578,3
0.826,0.582,3
0.826,0.578,3
0.826,0.578,3
0.826,0.577,3
0.826,0.576,3
0.827,0.572,3
0.827,0.572,3
0.827,0.572,3
0.827,0.571,3
0.827,0.570,3
0.828,0.569,3
0.828,0.568,3
0.828,0.566,3
0.828,0.564,3
0.828,0.564,3
0.826,0.562,3
0.826,0.561,3
0.825,0.566,3
0.825,0.565,3
0.825,0.565,3
0.825,0.565,3
0.825,0.560,3
0.826,0.559,3
0.825,0.554,3
0.826,0.553,3
0.826,0.552,3
0.826,0.550,3
0.827,0.549,3
0.827,0.547,3
0.828,0.546,3
0.827,0.545,3
0.826,0.547,3
0.825,0.550,3
0.823,0.547,3
0.822,0.545,3
0.821,0.538,3
0.820,0.532,3
0.820,0.530,3
0.820,0.529,3
0.820,0.528,3
0.823,0.527,3
0.821,0.527,3
0.824,0.526,3
0.824,0.526,3
0.823,0.525,3
0.822,0.524,3
0.818,0.527,3
0.817,0.527,3
0.816,0.542,3
0.816,0.707,3
0.814,0.524,3
0.813,0.520,3
0.813,0.523,3
0.812,0.527,3
0.812,0.572,3
0.811,0.867,3
0.813,0.842,3
0.879,0.838,3
0.816,0.548,3
0.812,0.667,3
0.811,0.665,3
0.814,0.666,3
0.817,0.546,3
1.554,0.538,1
0.837,0.805,3
0.903,0.549,1
1.580,0.799,1
1.719,0.795,1
1.721,0.793,1
1.717,0.793,1
1.717,0.796,1
1.716,0.793,1
1.715,0.796,1
1.569,0.791,1
1.566,0.792,1
1.696,0.788,1
1.685,0.780,1
1.669,0.775,1
0.902,0.616,1
1.637,0.632,1
1.620,0.753,1
1.596,0.745,1
1.569,0.737,1
1.553,0.729,1
1.552,0.721,1
1.533,0.712,1
0.835,0.704,3
0.806,0.697,3
0.791,0.688,3
0.780,0.680,3
0.858,0.672,3
1.416,0.664,1
1.407,0.657,1
1.403,0.652,1
1.401,0.650,1
0.854,0.651,3
0.857,0.651,3
1.404,0.652,1
0.854,0.650,3
0.851,0.650,3
0.855,0.649,3
0.851,0.649,3
0.847,0.649,3
0.847,0.651,3
0.853,0.651,3
1.395,0.649,1
1.394,0.656,1
1.394,0.645,1
1.392,0.643,1
1.391,0.643,1
1.389,0.643,1
1.387,0.642,1
1.382,0.641,1
0.858,0.635,3
1.364,0.631,1
1.348,0.627,1
1.334,0.622,1
1.316,0.617,1
0.907,0.612,1
1.291,0.607,1
1.275,0.603,1
1.262,0.599,1
1.242,0.594,1
1.226,0.590,1
1.209,0.585,1
1.191,0.580,1
1.171,0.576,1
1.153,0.572,1
1.136,0.567,1
1.118,0.562,1
1.100,0.557,1
1.084,0.552,1
1.066,0.547,1
1.047,0.542,1
0.842,0.537,3
0.815,0.531,3
0.992,0.526,1
0.977,0.521,1
0.958,0.516,1
0.746,0.512,3
0.729,0.508,3
0.910,0.504,1
0.895,0.500,3
0.888,0.497,3
0.868,0.493,3
0.858,0.489,3
0.852,0.487,3
0.853,0.487,3
0.854,0.487,3
0.854,0.487,3
0.854,0.486,3
0.853,0.486,3
0.853,0.485,3
0.852,0.484,3
0.852,0.483,3
0.851,0.482,3
0.847,0.481,3
0.846,0.480,3
0.846,0.479,3
0.849,0.476,3
0.848,0.474,3
0.848,0.473,3
0.848,0.473,3
0.851,0.472,3
0.851,0.471,3
0.851,0.471,3
1.482,0.469,2
1.482,0.468,2
1.132,0.466,2
1.540,0.465,2
1.132,0.464,2
1.117,0.463,2
1.120,0.464,2
1.132,0.464,2
1.125,0.464,2
1.120,0.465,2
1.114,0.465,2
1.109,0.466,2
1.103,0.466,2
1.104,0.468,2
1.504,0.469,2
1.496,0.470,2
1.485,0.472,2
1.476,0.473,2
1.468,0.475,2
1.460,0.476,2
1.451,0.478,2
1.443,0.479,2
1.435,0.481,2
1.427,0.483,2
1.419,0.485,2
1.412,0.487,2
1.404,0.489,2
1.399,0.492,2
1.391,0.495,1
1.321,0.497,1
1.306,0.499,1
1.298,0.502,1
1.289,0.505,1
1.279,0.509,1
1.271,0.513,1
1.329,0.517,1
1.318,0.522,1
1.307,0.526,1
1.294,0.531,1
1.282,0.538,1
1.268,0.545,1
1.250,0.552,1
1.232,0.560,1
1.214,0.567,1
1.198,0.574,1
1.178,0.581,1
1.127,0.587,1
1.105,0.594,1
1.082,0.600,1
1.062,0.607,1
1.043,0.615,1
1.024,0.623,1
1.004,0.631,1
0.985,0.639,1
0.966,0.647,1
0.947,0.655,1
0.929,0.662,1
0.914,0.669,1
0.897,0.676,3
0.885,0.684,3
1.124,0.681,1
1.116,0.683,1
1.497,0.686,1
1.479,0.689,1
1.462,0.694,1
1.446,0.700,1
1.431,0.705,1
1.058,0.711,1
1.047,0.716,1
1.039,0.721,1
1.031,0.727,1
1.023,0.733,1
0.684,0.740,3
0.663,0.750,3
0.648,0.757,3
0.632,0.765,3
0.617,0.772,3
0.604,0.776,3
0.592,0.779,3
0.591,0.775,3
1.040,0.774,1
1.041,0.772,1
1.042,0.772,1
1.041,0.772,1
1.039,0.773,1
1.037,0.774,1
1.036,0.774,1
1.034,0.775,1
1.033,0.776,1
1.032,0.776,1
1.030,0.777,1
1.029,0.777,1
1.027,0.778,1
1.026,0.778,1
1.025,0.778,1
1.020,0.779,1
1.020,0.780,1
1.015,0.779,1
1.007,0.778,1
0.997,0.780,1
0.983,0.779,1
0.974,0.782,1
0.960,0.808,1
0.945,0.782,1
0.930,0.785,1
0.914,0.782,1
0.895,0.782,3
0.875,0.779,3
0.859,0.780,3
0.842,0.782,3
0.823,0.784,3
0.808,0.786,3
0.795,0.787,3
0.789,0.787,3
0.790,0.789,3
0.791,0.791,3
0.792,0.794,3
0.792,0.892,3
0.792,0.888,3
0.792,0.891,3
0.792,0.887,3
0.792,0.887,3
0.792,0.887,3
0.792,0.886,3
0.791,0.885,3
0.790,0.791,3
0.790,0.789,3
0.789,0.784,3
0.788,0.779,3
0.787,0.773,3
0.786,0.771,3
0.785,0.770,3
0.787,0.768,3
0.790,0.398,3
0.800,0.389,3
0.785,0.387,3
0.785,0.384,3
0.784,0.383,3
0.787,0.777,3
0.786,0.765,3
0.793,0.863,3
0.810,0.780,3
0.820,0.371,3
1.799,0.368,2
0.949,0.366,2
0.944,0.364,2
0.940,0.761,1
0.939,0.760,1
0.942,0.767,1
0.939,0.760,1
0.942,0.760,1
0.937,0.760,1
0.933,0.770,1
0.926,0.865,1
0.914,0.750,1
0.911,0.746,1
1.742,0.742,1
1.726,0.384,2
1.708,0.386,2
1.693,0.389,2
2.678,0.396,2
2.089,0.438,2
2.642,0.444,2
2.625,0.698,1
2.609,0.693,1
2.593,0.688,1
2.579,0.683,1
2.564,0.678,1
2.551,0.471,2
2.537,0.480,2
2.524,0.662,1
2.510,0.658,1
0.723,0.577,3
2.481,0.649,1
2.467,0.559,1
2.451,0.640,1
1.984,0.626,1
1.413,0.631,1
1.967,0.607,1
1.965,0.623,1
0.690,0.619,3
2.356,0.615,1
1.329,0.610,1
1.309,0.606,1
1.292,0.601,1
1.275,0.597,1
1.266,0.592,1
1.247,0.588,1
1.228,0.583,1
1.231,0.582,1
2.200,0.575,1
2.182,0.568,1
2.163,0.565,1
1.156,0.562,1
2.125,0.559,1
2.105,0.555,1
2.086,0.551,1
2.067,0.547,1
2.047,0.544,1
2.027,0.540,1
2.007,0.536,1
1.988,0.533,1
1.968,0.529,1
1.949,0.526,1
1.930,0.522,1
1.910,0.519,1
1.891,0.516,1
0.914,0.512,1
0.884,0.509,3
0.867,0.506,3
0.848,0.503,3
0.831,0.499,3
0.816,0.496,3
0.802,0.493,3
0.789,0.490,3
0.783,0.488,3
0.784,0.487,3
0.802,0.487,3
0.802,0.486,3
1.528,0.486,2
1.525,0.485,2
1.525,0.485,2
1.528,0.485,2
1.525,0.485,2
1.524,0.485,2
1.527,0.485,2
1.526,0.485,2
1.523,0.485,2
1.522,0.485,2
1.525,0.485,2
1.522,0.485,2
1.522,0.484,2
1.521,0.485,2
1.521,0.484,2
1.524,0.484,2
1.527,0.484,2
1.523,0.484,2
1.523,0.484,2
1.525,0.484,2
1.522,0.484,2
1.525,0.484,2
1.527,0.483,2
1.527,0.483,2
1.523,0.483,2
1.735,0.483,2
1.735,0.483,2
1.525,0.483,2
1.734,0.483,2
1.733,0.483,2
1.525,0.483,2
1.733,0.483,2
1.732,0.483,2
1.732,0.483,2
1.731,0.483,2
1.731,0.483,2
1.731,0.482,2
1.731,0.482,2
1.731,0.482,2
1.731,0.482,2
1.729,0.483,2
1.726,0.482,2
1.722,0.482,2
1.716,0.481,2
1.707,0.480,2
0.583,0.479,3
0.584,0.478,3
1.678,0.477,2
1.668,0.477,2
1.658,0.476,2
1.650,0.475,2
1.644,0.475,2
1.637,0.475,2
1.431,0.475,2
1.425,0.475,2
1.617,0.475,2
1.417,0.476,2
1.403,0.476,2
1.392,0.478,2
1.384,0.478,2
1.376,0.479,2
1.371,0.481,2
1.363,0.483,2
1.355,0.484,2
1.532,0.486,2
1.522,0.488,2
1.511,0.490,2
1.501,0.492,2
1.491,0.494,2
1.481,0.495,1
1.471,0.498,1
1.461,0.500,1
1.450,0.502,1
1.440,0.505,1
1.427,0.509,1
1.414,0.513,1
1.398,0.517,1
1.383,0.522,1
1.367,0.527,1
1.350,0.532,1
1.332,0.538,1
1.314,0.544,1
1.297,0.550,1
1.279,0.556,1
1.262,0.562,1
1.244,0.568,1
1.226,0.574,1
1.207,0.581,1
1.189,0.588,1
1.170,0.594,1
1.151,0.601,1
1.132,0.608,1
1.112,0.615,1
1.093,0.621,1
1.073,0.628,1
1.056,0.635,1
1.037,0.642,1
1.014,0.646,1
0.994,0.654,1
0.974,0.666,1
0.956,0.670,1
0.937,0.678,1
0.919,0.685,1
0.900,0.692,3
0.882,0.699,3
0.864,0.706,3
0.846,0.714,3
0.828,0.720,3
0.811,0.727,3
0.798,0.731,3
0.793,0.731,3
0.794,0.729,3
0.796,0.727,3
0.797,0.727,3
0.797,0.727,3
0.796,0.727,3
0.796,0.727,3
0.795,0.727,3
0.795,0.726,3
0.798,0.726,3
0.797,0.725,3
0.796,0.725,3
0.792,0.727,3
0.791,0.739,3
0.789,0.728,3
0.788,0.727,3
0.787,0.723,3
0.786,0.722,3
0.785,0.721,3
0.784,0.721,3
0.783,0.724,3
0.783,0.727,3
0.783,0.733,3
0.785,1.152,3
0.896,0.730,3
0.835,0.733,3
0.784,0.736,3
0.783,0.754,3
0.786,0.827,3
0.785,0.757,3
0.792,0.785,3
0.809,0.779,3
0.819,0.772,3
1.564,0.750,1
1.565,0.758,1
1.566,0.761,1
1.566,0.758,1
1.564,0.776,1
1.557,0.758,1
1.557,0.758,1
1.556,0.757,1
1.555,0.757,1
1.552,0.755,1
1.545,0.753,1
1.535,0.746,1
1.524,0.742,1
1.511,0.740,1
1.496,0.735,1
1.480,0.729,1
1.463,0.724,1
1.447,0.717,1
1.429,0.710,1
1.411,0.704,1
1.392,0.700,1
1.377,0.699,1
1.355,0.689,1
1.336,0.684,1
1.318,0.677,1
1.298,0.671,1
1.278,0.665,1
1.261,0.656,1
1.241,0.650,1
1.220,0.643,1
1.196,0.633,1
1.178,0.626,1
1.154,0.619,1
1.135,0.612,1
1.115,0.605,1
1.096,0.599,1
1.078,0.593,1
1.060,0.586,1
1.042,0.580,1
1.024,0.573,1
0.775,0.567,3
0.763,0.561,3
0.710,0.555,3
0.698,0.548,3
0.680,0.545,3
0.667,0.539,3
0.901,0.533,1
0.897,0.526,3
0.900,0.522,3
0.905,0.522,1
0.905,0.522,1
0.904,0.521,1
0.578,0.521,3
0.901,0.521,1
0.901,0.520,1
0.576,0.519,3
0.574,0.516,3
0.573,0.513,3
0.571,0.510,3
0.862,0.507,3
0.853,0.503,3
0.842,0.501,3
0.835,0.499,3
0.833,0.497,3
0.834,0.497,3
0.835,0.496,3
0.835,0.495,3
0.836,0.495,3
0.837,0.494,3
0.838,0.493,3
0.840,0.492,3
0.841,0.490,3
0.843,0.489,3
0.840,0.488,3
0.840,0.486,3
0.587,0.484,3
0.845,0.481,3
0.846,0.479,3
0.845,0.477,3
0.845,0.474,3
0.845,0.473,3
0.844,0.471,3
0.844,0.469,3
0.840,0.468,3
0.836,0.464,3
0.838,0.461,3
0.840,0.459,3
0.839,0.456,3
0.839,0.454,3
0.839,0.451,3
0.839,0.449,3
0.842,0.448,3
0.833,0.446,3
0.840,0.451,3
0.827,0.446,3
0.833,0.445,3
0.832,0.443,3
0.831,0.443,3
0.830,0.442,3
0.829,0.445,3
0.828,0.458,3
0.828,0.483,3
0.830,0.523,3
0.867,0.452,3
0.844,0.453,3
0.832,0.474,3
0.829,0.521,3
0.828,0.850,3
0.831,0.473,3
0.834,0.465,3
0.850,0.463,3
3.300,0.468,2
3.301,0.470,2
3.302,0.479,2
3.300,0.812,1
3.300,0.808,1
3.299,0.808,1
3.298,0.811,1
3.294,0.806,1
3.287,0.803,1
3.281,0.800,1
3.272,0.795,1
3.256,0.790,1
3.238,0.784,1
0.979,0.776,1
3.210,0.572,1
3.196,0.586,1
3.174,0.754,1
3.153,0.749,1
3.137,0.738,1
3.118,0.730,1
3.099,0.722,1
3.077,0.714,1
3.061,0.707,1
3.041,0.702,1
3.022,0.692,1
3.002,0.688,1
2.983,0.680,1
0.859,0.674,3
0.840,0.667,3
0.822,0.663,3
2.909,0.667,1
2.892,0.652,1
2.876,0.643,1
2.861,0.638,1
2.846,0.634,1
2.833,0.627,1
2.820,0.623,1
2.808,0.620,1
2.796,0.618,1
2.783,0.615,1
2.769,0.614,1
2.754,0.609,1
2.738,0.599,1
2.722,0.597,1
2.704,0.588,1
2.686,0.583,1
2.668,0.578,1
2.650,0.573,1
2.631,0.568,1
2.612,0.563,1
2.593,0.558,1
2.573,0.553,1
2.553,0.548,1
2.533,0.543,1
2.513,0.539,1
2.493,0.534,1
2.473,0.530,1
2.453,0.525,1
2.433,0.520,1
2.411,0.516,1
2.394,0.512,1
2.371,0.508,1
2.351,0.504,1
2.332,0.501,1
2.312,0.499,1
2.292,0.500,1
2.272,0.516,1
2.253,0.510,1
2.233,0.503,1
2.212,0.502,1
2.192,0.502,1
2.172,0.504,1
2.152,0.506,1
2.132,0.602,1
2.112,0.513,1
2.093,0.591,1
2.074,0.570,1
1.972,0.566,1
1.952,0.573,1
1.874,1.496,4
1.855,1.492,4
1.836,1.488,4
1.817,1.485,4
1.797,1.481,4
1.779,1.481,4
1.760,1.474,4
1.742,1.473,4
1.724,1.466,4
1.706,1.466,4
1.688,1.462,4
1.671,1.459,4
1.659,1.456,4
1.641,1.457,4
1.626,1.477,4
1.612,1.485,4
1.598,1.449,4
1.584,1.446,4
1.570,1.444,4
1.557,1.442,4
1.545,1.439,4
1.470,1.444,4
1.440,2.738,4
1.431,0.821,1
1.424,0.828,1
1.433,0.833,1
1.436,0.840,1
1.411,0.853,1
1.395,0.988,4
1.389,2.278,4
1.382,2.283,4
1.370,1.432,4
1.357,1.746,4
1.346,1.748,4
1.335,1.754,4
1.327,1.762,4
1.318,1.774,4
1.306,2.350,4
1.292,2.359,4
1.279,1.001,4
1.267,2.373,4
1.251,2.380,4
1.238,2.387,4
1.229,2.394,4
1.216,2.401,4
1.204,2.408,4
1.191,2.415,4
1.177,2.424,4
1.163,2.429,4
1.149,1.600,4
1.132,1.601,4
1.119,0.943,4
1.105,0.940,4
1.091,0.938,4
1.080,0.938,4
1.067,0.938,4
1.053,0.939,4
1.038,0.933,4
1.019,0.933,4
1.005,0.933,4
0.991,0.933,4
0.975,0.933,4
0.961,0.935,4
0.946,0.935,4
0.935,0.937,4
0.922,0.939,4
0.908,2.468,4
0.894,2.470,3
0.876,2.483,3
0.862,3.642,3
0.848,3.646,3
0.835,3.652,3
0.823,3.658,3
0.815,0.885,3
0.815,3.663,3
0.818,3.661,3
0.820,4.409,3
0.822,4.409,3
0.822,4.409,3
0.821,4.408,3
0.821,3.672,3
0.822,0.914,3
0.826,0.906,3
0.827,0.908,3
0.827,0.862,3
0.828,0.856,3
0.827,0.854,3
0.824,0.849,3
0.823,0.847,3
0.822,0.845,3
0.822,0.843,3
0.822,0.842,3
0.823,0.840,3
0.823,0.844,3
0.824,0.838,3
0.826,0.831,3
0.822,0.830,3
0.821,0.827,3
0.821,0.825,3
0.820,0.823,3
0.820,0.822,3
0.820,0.824,3
0.823,0.865,3
0.822,0.820,3
0.821,0.815,3
0.816,0.810,3
0.815,0.808,3
0.814,0.806,3
0.813,0.804,3
0.813,0.809,3
0.816,0.919,3
0.816,0.916,3
0.817,0.813,3
0.810,0.805,3
0.809,0.801,3
0.807,0.800,3
0.806,0.823,3
0.806,0.863,3
0.805,0.859,3
0.808,0.887,3
0.808,0.896,3
0.807,0.868,3
0.826,0.841,3
0.825,0.834,3
0.841,0.826,3
0.805,0.823,3
0.808,0.829,3
0.808,0.825,3
0.814,0.805,3
0.871,0.798,3
0.889,0.794,3
0.932,0.792,1
0.934,0.792,1
0.926,0.789,1
1.213,0.783,1
1.352,0.782,1
1.349,0.782,1
1.343,0.781,1
1.335,0.781,1
0.910,0.776,1
0.897,0.768,3
1.297,0.766,1
1.282,0.759,1
1.265,0.753,1
1.249,0.745,1
1.233,0.738,1
1.217,0.732,1
1.201,0.725,1
1.184,0.718,1
1.168,0.712,1
1.151,0.706,1
1.133,0.699,1
1.116,0.692,1
1.098,0.686,1
1.080,0.678,1
1.062,0.672,1
1.043,0.665,1
1.024,0.657,1
0.894,0.649,3
0.873,0.642,3
0.967,0.635,1
0.854,0.628,3