 -6.81640000e-03 -2.62404000e-04
 -6.81640000e-03 -2.62404000e-04
 -6.81640000e-03 -2.62404000e-04
 -6.81640000e-03 -2.62404000e-04
 -6.81640000e-03 -2.62404000e-04
 -6.81640000e-03 -2.62404000e-04
 -6.81640000e-03 9.14640000e-04
 -6.81640000e-03 9.14640000e-04
 -6.81640000e-03 9.14640000e-04
 -6.81640000e-03 9.14640000e-04
 -6.81640000e-03 9.14640000e-04
 -9.25781000e-03 -2.62404000e-04
 -3.12305000e-02 9.14640000e-04
 -4.83203000e-02 -2.62404000e-04
 -7.76172000e-02 9.14640000e-04
 -1.24004000e-01 -2.62404000e-04
 -1.82598000e-01 9.14640000e-04
 -2.46074000e-01 9.14640000e-04
 -3.07109000e-01 5.62137000e-03
 -3.58379000e-01 1.57699040e-02
 -3.90117000e-01 5.11589420e-02
 -4.12090000e-01 6.70577308e-01
 -4.31621000e-01 8.80008462e-01
 -4.41387000e-01 1.09458880e+00
 -4.51152000e-01 1.34849880e+00
 -4.70684000e-01 1.59634224e+00
 -5.02422000e-01 1.78912536e+00
 -5.31719000e-01 1.90993240e+00
 -5.58574000e-01 1.99411897e+00
 -5.73223000e-01 2.13200601e+00
 -5.85430000e-01 2.17351601e+00
 -6.12285000e-01 2.11745240e+00
 -6.46465000e-01 2.02358224e+00
 -6.83086000e-01 1.89789519e+00
 -7.19707000e-01 1.75394159e+00
 -7.70977000e-01 1.60754846e+00
 -7.92949000e-01 1.52218486e+00
 -8.07598000e-01 1.38067125e+00
 -8.05156000e-01 1.23671764e+00
 -8.12480000e-01 1.10614108e+00
 -7.97832000e-01 9.93841082e-01
 -7.90508000e-01 9.05951082e-01
 -7.90508000e-01 8.63177644e-01
 -7.90508000e-01 8.47264688e-01
 -7.90508000e-01 8.63091250e-01
 -7.88066000e-01 9.13097812e-01
 -7.85625000e-01 9.86251418e-01
 -7.88066000e-01 1.08996846e+00
 -7.85625000e-01 1.19368502e+00
 -7.85625000e-01 1.29984159e+00
 -7.75859000e-01 1.40355863e+00
 -7.73418000e-01 1.49632863e+00
 -7.73418000e-01 1.57933863e+00
 -7.73418000e-01 1.63792863e+00
 -7.80742000e-01 1.68675863e+00
 -7.85625000e-01 1.69535159e+00
 -7.85625000e-01 1.69173502e+00
 -7.88066000e-01 1.66613846e+00
 -7.85625000e-01 1.61495486e+00
 -7.85625000e-01 1.54297781e+00
 -7.85625000e-01 1.45880125e+00
 -7.88066000e-01 1.37217469e+00
 -7.88066000e-01 1.29404469e+00
 -7.88066000e-01 1.21962764e+00
 -7.85625000e-01 1.15370764e+00
 -7.78301000e-01 1.09140469e+00
 -7.73418000e-01 1.05478469e+00
 -7.73418000e-01 1.02549469e+00
 -7.61211000e-01 1.01934125e+00
 -7.29473000e-01 1.02051781e+00
 -7.22148000e-01 1.04249781e+00
 -7.09941000e-01 1.07784486e+00
 -6.92852000e-01 1.13029142e+00
 -6.75762000e-01 1.17785846e+00
 -6.63555000e-01 1.23889846e+00
 -6.70879000e-01 1.29378502e+00
 -6.83086000e-01 1.34505502e+00
 -6.85527000e-01 1.39143502e+00
 -6.85527000e-01 1.42073502e+00
 -6.83086000e-01 1.44026502e+00
 -6.87969000e-01 1.44641846e+00
 -6.87969000e-01 1.43547142e+00
 -6.92852000e-01 1.41838142e+00
 -7.00176000e-01 1.38790486e+00
 -7.02617000e-01 1.35254781e+00
 -7.05059000e-01 1.29883781e+00
 -7.05059000e-01 1.25128125e+00
 -7.09941000e-01 1.18662469e+00
 -7.14824000e-01 1.15000469e+00
 -7.17266000e-01 1.11094469e+00
 -7.17266000e-01 1.08164469e+00
 -7.17266000e-01 1.05596125e+00
 -7.19707000e-01 1.04864125e+00
 -7.22148000e-01 1.04132125e+00
 -7.22148000e-01 1.04737781e+00
 -7.22148000e-01 1.06808486e+00
 -7.22148000e-01 1.09493486e+00
 -7.22148000e-01 1.12785142e+00
 -7.14824000e-01 1.16936142e+00
 -7.05059000e-01 1.20354142e+00
 -7.05059000e-01 1.24260142e+00
 -7.05059000e-01 1.27434142e+00
 -6.97734000e-01 1.30852142e+00
 -6.92852000e-01 1.31584142e+00
 -6.87969000e-01 1.33293142e+00
 -6.75762000e-01 1.32687486e+00
 -6.68437000e-01 1.33175486e+00
 -6.56230000e-01 1.30860781e+00
 -6.31816000e-01 1.29395781e+00
 -5.97637000e-01 1.25977781e+00
 -5.75664000e-01 1.23419125e+00
 -5.53691000e-01 1.19394469e+00
 -5.19512000e-01 1.16953469e+00
 -4.70684000e-01 1.14023469e+00
 -4.26738000e-01 1.13291469e+00
 -3.77910000e-01 1.08896469e+00
 -3.38848000e-01 9.43747644e-01
 -3.04668000e-01 6.02034038e-01
 -2.75371000e-01 5.00681082e-01
 -2.38750000e-01 2.92157308e-01
 -2.16777000e-01 1.05959110e-01
 -2.07012000e-01 -6.92051680e-02
 -2.04570000e-01 -2.50609760e-01
 -2.02129000e-01 -3.89500096e-01
 -1.80156000e-01 -4.35976490e-01
 -1.72832000e-01 -4.44742716e-01
 -1.72832000e-01 -4.18152380e-01
 -1.72832000e-01 -3.86671562e-01
 -1.75273000e-01 -2.91721226e-01
 -1.75273000e-01 -1.63863846e-01
 -1.72832000e-01 -1.76435100e-02
 -1.72832000e-01 1.37170264e-01
 -1.72832000e-01 2.91984038e-01
 -1.72832000e-01 4.32234688e-01
 -1.72832000e-01 5.67594856e-01
 -1.72832000e-01 6.70048462e-01
 -1.72832000e-01 7.53058462e-01
 -1.75273000e-01 8.00615024e-01
 -1.75273000e-01 8.18968462e-01
 -1.75273000e-01 7.99524856e-01
 -1.75273000e-01 7.60637644e-01
 -1.75273000e-01 6.74193870e-01
 -1.75273000e-01 5.90180096e-01
 -1.75273000e-01 4.85469760e-01
 -1.75273000e-01 3.83188942e-01
 -1.75273000e-01 2.80832212e-01
 -1.75273000e-01 1.96731562e-01
 -1.75273000e-01 1.18698438e-01
 -1.75273000e-01 6.74284380e-02
 -1.75273000e-01 3.08084380e-02
 -1.75273000e-01 1.85115620e-02
 -1.75273000e-01 1.71522120e-02
 -1.75273000e-01 4.02223800e-02
 -1.75273000e-01 7.30425480e-02
 -1.75273000e-01 1.25402716e-01
 -1.75273000e-01 1.82642884e-01
 -1.75273000e-01 2.52093534e-01
 -1.70391000e-01 3.15477140e-01
 -1.70391000e-01 3.78870264e-01
 -1.70391000e-01 4.27613870e-01
 -1.70391000e-01 4.64233870e-01
 -1.70391000e-01 4.88643870e-01
 -1.70391000e-01 5.05733870e-01
 -1.70391000e-01 4.97237308e-01
 -1.67949000e-01 4.89993702e-01
 -1.60625000e-01 4.65670096e-01
 -1.55742000e-01 4.42523534e-01
 -1.53301000e-01 3.92602884e-01
 -1.48418000e-01 3.46309760e-01
 -1.41094000e-01 2.86619110e-01
 -1.28887000e-01 2.30555986e-01
 -1.21562000e-01 1.76932380e-01
 -1.14238000e-01 1.29375336e-01
 -1.14238000e-01 5.98387740e-02
 -1.14238000e-01 2.93622120e-02
 -1.14238000e-01 -1.09612260e-02
 -1.14238000e-01 -1.46746640e-02
 -1.14238000e-01 -1.59376200e-02
 -1.14238000e-01 -5.07745200e-03
 -1.09355000e-01 2.16861540e-02
 -1.04473000e-01 6.30128840e-02
 -1.04473000e-01 1.09316490e-01
 -1.04473000e-01 1.56787140e-01
 -1.04473000e-01 2.03090264e-01
 -1.04473000e-01 2.54273870e-01
 -9.71484000e-02 2.92070914e-01
 -9.47070000e-02 3.28604038e-01
 -9.47070000e-02 3.45694038e-01
 -9.47070000e-02 3.45694038e-01
 -9.47070000e-02 3.37187476e-01
 -9.22656000e-02 3.27427476e-01
 -8.49414000e-02 2.99390914e-01
 -8.73828000e-02 2.72627308e-01
 -8.73828000e-02 2.31213702e-01
 -8.73828000e-02 1.75140096e-01
 -8.73828000e-02 1.50816490e-01
 -8.73828000e-02 1.15459928e-01
 -8.73828000e-02 8.37199280e-02
 -8.00586000e-02 6.79028840e-02
 -6.29687000e-02 5.19899280e-02
 -3.85547000e-02 4.95399280e-02
 -1.16992000e-02 3.36264900e-02
 -4.37500000e-03 3.41911000e-03
 -9.25781000e-03 -8.23764660e-02
 -9.25781000e-03 -1.12593846e-01
 -6.81640000e-03 -1.16124014e-01
 -6.81640000e-03 -1.13770890e-01
 -6.81640000e-03 -1.52657620e-01
 -6.81640000e-03 -1.31854664e-01
 -6.81640000e-03 -1.40447620e-01
 -6.81640000e-03 -1.17204664e-01
 -6.81640000e-03 -7.82310580e-02
 -6.81640000e-03 -2.71438460e-02
 -6.81640000e-03 1.78963220e-02
 -4.37500000e-03 7.14335340e-02
 -6.81640000e-03 1.01813702e-01
 5.07817000e-04 1.35907308e-01
 7.83204000e-03 1.49197476e-01
 1.75977000e-02 1.54001082e-01
 2.98047000e-02 1.51551082e-01
 5.42188000e-02 1.45407644e-01
 9.08398000e-02 1.25877644e-01
 1.34785000e-01 9.54010820e-02
 1.95820000e-01 2.22474760e-02
 2.59297000e-01 -2.07156130e-01
 3.25215000e-01 -5.47163846e-01
 3.88691000e-01 -7.92987812e-01
 4.59492000e-01 -1.13709853e+00
 5.20527000e-01 -1.57241086e+00
 5.79121000e-01 -1.91636272e+00
 6.40156000e-01 -2.23577648e+00
 7.01191000e-01 -2.82009354e+00
 7.45137000e-01 -3.17676084e+00
 7.84199000e-01 -3.37849364e+00
 8.20820000e-01 -3.54583714e+00
 8.57441000e-01 -3.67578950e+00
 8.98945000e-01 -3.75531636e+00
 9.30684000e-01 -3.78812264e+00
 9.62422000e-01 -3.71540604e+00
 9.91719000e-01 -3.64618706e+00
 1.02346000e+00 -3.47697988e+00
 1.04299000e+00 -3.26588072e+00
 1.06496000e+00 -3.13040716e+00
 1.10891000e+00 -2.92301692e+00
 1.14797000e+00 -2.84608878e+00
 1.16994000e+00 -2.73240358e+00
 1.19680000e+00 -2.67520974e+00
 1.23098000e+00 -2.66287846e+00
 1.24318000e+00 -2.60577764e+00
 1.24318000e+00 -2.58477942e+00
 1.23830000e+00 -2.62771902e+00
 1.23342000e+00 -2.68840248e+00
 1.22854000e+00 -2.74955894e+00
 1.22854000e+00 -2.81298454e+00
 1.22854000e+00 -2.88826360e+00
 1.22609000e+00 -2.96445686e+00
 1.21145000e+00 -3.02229238e+00
 1.19924000e+00 -3.09224988e+00
 1.19191000e+00 -3.14393748e+00
 1.18947000e+00 -3.18241968e+00
 1.18947000e+00 -3.21131074e+00
 1.19191000e+00 -3.22717226e+00
 1.19191000e+00 -3.23597048e+00
 1.19191000e+00 -3.23670700e+00
 1.18947000e+00 -3.21320438e+00
 1.19191000e+00 -3.18887740e+00
 1.19191000e+00 -3.16708308e+00
 1.19191000e+00 -3.14075048e+00
 1.19191000e+00 -3.12645702e+00
 1.17482000e+00 -3.09642050e+00
 1.16018000e+00 -3.08330312e+00
 1.15041000e+00 -3.07876966e+00
 1.12111000e+00 -3.09712358e+00
 1.06008000e+00 -3.10327750e+00
 9.99043000e-01 -3.10689358e+00
 9.30684000e-01 -3.10544880e+00
 8.40352000e-01 -3.11386704e+00
 7.32930000e-01 -3.11975226e+00
 6.08418000e-01 -3.14371788e+00
 4.86348000e-01 -3.16408224e+00
 3.71602000e-01 -3.18064002e+00
 2.69063000e-01 -3.10793224e+00
 1.71406000e-01 -2.10520132e+00
 9.81641000e-02 -7.98685600e-01
 4.93359000e-02 1.85961060e-01
 1.27148000e-02 1.32352800e+00
 -1.41406000e-02 2.15405156e+00
 -5.32031000e-02 2.76714522e+00
 -8.25000000e-02 3.42122762e+00
 -9.22656000e-02 3.51738748e+00
 -9.22656000e-02 3.46917272e+00
 -9.22656000e-02 3.39890156e+00
 -9.22656000e-02 2.68408082e+00
 -9.47070000e-02 2.34815026e+00
 -9.22656000e-02 1.52491726e+00
 -9.22656000e-02 5.75217260e-01
 -8.73828000e-02 -3.35766800e-02
 -8.73828000e-02 -6.54313366e-01
 -8.73828000e-02 -1.27128366e+00
 -8.73828000e-02 -1.66540194e+00
 -8.73828000e-02 -1.87176482e+00
 -8.73828000e-02 -1.80569048e+00
 -8.73828000e-02 -1.57748236e+00
 -8.25000000e-02 -1.55447511e+00
 -7.27344000e-02 -1.57226774e+00
 -6.54102000e-02 -1.36310125e+00
 -5.32031000e-02 -9.49292212e-01
 -2.63477000e-02 -5.87573678e-01
 -6.81640000e-03 -4.06169086e-01
 1.02734000e-02 5.24548560e-02
 4.20117000e-02 5.85775024e-01
 6.64258000e-02 9.08217812e-01
 8.59570000e-02 1.24342240e+00
 1.03047000e-01 1.31648913e+00
 1.07930000e-01 1.40076257e+00
 1.07930000e-01 1.16267913e+00
 1.05488000e-01 6.52516010e-01
 9.81641000e-02 4.40558462e-01
 9.32813000e-02 1.04688000e-04
 8.83984000e-02 -3.55816466e-01
 8.10742000e-02 -6.60111562e-01
 8.10742000e-02 -8.30309928e-01
 8.10742000e-02 -9.56913870e-01
 8.10742000e-02 -1.00456731e+00
 8.10742000e-02 -9.47672716e-01
 8.10742000e-02 -8.00631394e-01
 8.10742000e-02 -5.32773510e-01
 7.86328000e-02 -3.14845312e-01
 7.37500000e-02 -2.33984140e-02
 7.37500000e-02 4.17055360e-01
 7.37500000e-02 7.36702572e-01
 7.61914000e-02 9.81932740e-01
 8.10742000e-02 1.22354635e+00
 8.35156000e-02 1.31622995e+00
 8.59570000e-02 1.25754356e+00
 8.59570000e-02 1.04388012e+00
 8.35156000e-02 6.99640120e-01
 8.10742000e-02 4.04230120e-01
 8.10742000e-02 -3.39348600e-03
 8.10742000e-02 -4.79290216e-01
 8.10742000e-02 -7.82764808e-01
 7.61914000e-02 -1.05205892e+00
 6.88672000e-02 -1.33220368e+00
 6.64258000e-02 -1.48513377e+00
 6.88672000e-02 -1.51046115e+00
 6.64258000e-02 -1.44354238e+00
 6.15430000e-02 -1.23781466e+00
 4.93359000e-02 -9.90672860e-01
 4.93359000e-02 -7.04288750e-01
 4.93359000e-02 -3.15191370e-01
 4.93359000e-02 1.91053600e-02
 4.93359000e-02 3.04572572e-01
 4.93359000e-02 6.81642740e-01
 5.17773000e-02 9.41513390e-01
 4.68945000e-02 1.05617651e+00
 4.20117000e-02 1.15500356e+00
 4.44531000e-02 1.18548012e+00
 4.44531000e-02 1.11829716e+00
 4.44531000e-02 9.68200120e-01
 4.20117000e-02 7.74153558e-01
 4.20117000e-02 5.65456514e-01
 2.73633000e-02 3.60463390e-01
 2.94922000e-03 1.29882740e-01
 -3.12305000e-02 -5.30439900e-02
 -8.00586000e-02 -1.15174640e-01
 -1.28887000e-01 -2.50534808e-01
 -1.92363000e-01 -2.84541538e-01
 -2.68047000e-01 -3.03898750e-01
 -3.43730000e-01 -2.74512356e-01
 -4.14531000e-01 -2.08592356e-01
 -4.75566000e-01 -8.30785820e-02
 -5.39043000e-01 2.31505360e-01
 -5.82988000e-01 9.09956178e-01
 -6.26934000e-01 1.40167995e+00
 -6.68437000e-01 1.94349716e+00
 -6.90410000e-01 2.32688356e+00
 -7.02617000e-01 2.55654635e+00
 -7.17266000e-01 2.64806339e+00
 -7.22148000e-01 2.57843995e+00
 -7.24590000e-01 2.39776995e+00
 -7.27031000e-01 2.11347978e+00
 -7.36797000e-01 1.82548618e+00
 -7.66094000e-01 1.48377257e+00
 -7.88066000e-01 1.29469240e+00
 -8.12480000e-01 1.12876880e+00
 -8.39336000e-01 9.27478630e-01
 -8.90605000e-01 7.37231418e-01
 -9.56523000e-01 6.17601418e-01
 -1.02000000e+00 5.66245024e-01
 -1.06639000e+00 5.97898630e-01
 -1.11766000e+00 6.85692236e-01
 -1.15672000e+00 8.45568798e-01
 -1.18602000e+00 1.04196897e+00
 -1.20311000e+00 1.25798601e+00
 -1.21531000e+00 1.47156257e+00
 -1.22508000e+00 1.69490913e+00
 -1.23729000e+00 1.87674618e+00
 -1.23973000e+00 2.02323618e+00
 -1.23729000e+00 2.06727257e+00
 -1.23729000e+00 2.05388601e+00
 -1.23729000e+00 1.97096240e+00
 -1.23240000e+00 1.82827224e+00
 -1.22508000e+00 1.62455159e+00
 -1.22264000e+00 1.39152142e+00
 -1.22264000e+00 1.12432125e+00
 -1.22264000e+00 8.63177644e-01
 -1.21287000e+00 6.39841082e-01
 -1.21287000e+00 4.60347644e-01
 -1.21043000e+00 3.12604688e-01
 -1.21043000e+00 2.17384688e-01
 -1.21043000e+00 1.61147812e-01
 -1.21043000e+00 1.83031418e-01
 -1.20799000e+00 2.52481586e-01
 -1.21043000e+00 3.82962236e-01
 -1.21043000e+00 5.26915360e-01
 -1.21043000e+00 7.06312404e-01
 -1.21043000e+00 8.91776010e-01
 -1.21043000e+00 1.10535257e+00
 -1.20799000e+00 1.32499618e+00
 -1.20799000e+00 1.56298274e+00
 -1.20799000e+00 1.76191978e+00
 -1.20799000e+00 1.94013978e+00
 -1.20799000e+00 2.06347274e+00
 -1.20799000e+00 2.14892274e+00
 -1.20799000e+00 2.16971618e+00
 -1.20799000e+00 2.14295257e+00
 -1.20799000e+00 2.05144601e+00
 -1.20799000e+00 1.94537536e+00
 -1.20799000e+00 1.80630224e+00
 -1.20799000e+00 1.68549519e+00
 -1.20799000e+00 1.51595502e+00
 -1.21043000e+00 1.34152486e+00
 -1.20799000e+00 1.15967781e+00
 -1.20799000e+00 9.92491250e-01
 -1.20799000e+00 8.30174688e-01
 -1.21043000e+00 6.98344688e-01
 -1.21043000e+00 5.87211250e-01
 -1.21043000e+00 5.11531250e-01
 -1.21043000e+00 4.62614856e-01
 -1.21043000e+00 4.54021418e-01
 -1.20555000e+00 4.80795024e-01
 -1.19822000e+00 5.39298630e-01
 -1.19578000e+00 6.29542236e-01
 -1.19578000e+00 7.21048798e-01
 -1.19578000e+00 8.21148798e-01
 -1.19334000e+00 9.35812404e-01
 -1.19334000e+00 1.03835240e+00
 -1.19334000e+00 1.13356240e+00
 -1.19334000e+00 1.22878240e+00
 -1.18602000e+00 1.30934240e+00
 -1.17869000e+00 1.35817240e+00
 -1.17381000e+00 1.40944240e+00
 -1.16404000e+00 1.43267536e+00
 -1.14207000e+00 1.45102880e+00
 -1.12986000e+00 1.45102880e+00
 -1.12742000e+00 1.44985224e+00
 -1.12742000e+00 1.43276224e+00
 -1.11521000e+00 1.41938519e+00
 -1.09568000e+00 1.39622863e+00
 -1.06395000e+00 1.38646863e+00
 -1.04197000e+00 1.37425863e+00
 -1.02000000e+00 1.36576159e+00
 -9.71172000e-01 1.36205863e+00
 -8.95488000e-01 1.35843159e+00
 -7.95391000e-01 1.34623159e+00
 -6.83086000e-01 1.34623159e+00
 -5.61016000e-01 1.33158159e+00
 -4.43828000e-01 1.32552502e+00
 -3.41289000e-01 1.29866502e+00
 -2.58281000e-01 1.28401502e+00
 -1.89922000e-01 8.45828462e-01
 -1.41094000e-01 5.22737476e-01
 -1.14238000e-01 1.15815986e-01
 -1.02031000e-01 -2.33606154e-01
 -9.47070000e-02 -6.26438966e-01
 -9.47070000e-02 -8.75847500e-01
 -9.47070000e-02 -1.08907849e+00
 -8.98242000e-02 -1.28295226e+00
 -8.00586000e-02 -1.35175471e+00
 -3.12305000e-02 -1.36103978e+00
 2.98047000e-02 -1.29835781e+00
 9.32813000e-02 -1.20637632e+00
 1.51875000e-01 -1.29225877e+00
 2.00703000e-01 -8.83372212e-01
 2.27559000e-01 -7.56033678e-01
 2.37324000e-01 -4.09968918e-01
 2.30000000e-01 -3.55255144e-01
 2.17793000e-01 -5.50834808e-01
 2.12910000e-01 -6.26201226e-01
 2.12910000e-01 -2.86258462e-01
 2.12910000e-01 -2.41368606e-01
 2.12910000e-01 -2.71791250e-01
 2.03145000e-01 -2.39641274e-01
 1.88496000e-01 -2.28121466e-01
 1.86055000e-01 -2.11625264e-01
 1.86055000e-01 -1.40944616e-01
 1.83613000e-01 -7.32423320e-02
 1.71406000e-01 -8.69210340e-02
 1.68965000e-01 -4.35323560e-02
 1.64082000e-01 1.27909140e-02
 1.54316000e-01 5.68273080e-02
 1.37227000e-01 5.70864900e-02
 1.25020000e-01 6.92964900e-02
 1.17695000e-01 1.03120914e-01
 1.12813000e-01 1.11271418e-01
 1.10371000e-01 1.17889784e-01
 1.10371000e-01 5.28871640e-02
 1.07930000e-01 2.06278360e-02
 1.07930000e-01 -4.44711780e-02
 1.03047000e-01 -1.84538558e-01
 9.32813000e-02 -2.62754952e-01
 7.61914000e-02 -3.55438558e-01
 5.66602000e-02 -4.13034784e-01
 2.49219000e-02 -4.53800192e-01
 -1.93359000e-03 -4.36677716e-01
 -9.25781000e-03 -3.90514904e-01
 -6.81640000e-03 -2.30885048e-01
 -6.81640000e-03 -1.86729784e-01
 -6.81640000e-03 -1.10218798e-01
 -6.81640000e-03 5.17891800e-03
 -6.81640000e-03 1.14423678e-01
 -4.37500000e-03 1.61731058e-01
 1.02734000e-02 2.48088438e-01
 1.51563000e-02 2.79558774e-01
 1.51563000e-02 3.00178942e-01
 1.27148000e-02 3.03805986e-01
 1.02734000e-02 3.00092548e-01
 1.02734000e-02 2.96475986e-01
 1.02734000e-02 2.86715986e-01
 1.27148000e-02 2.63558942e-01
 1.51563000e-02 2.25848774e-01
 1.75977000e-02 2.00348606e-01
 1.51563000e-02 1.79728438e-01
 1.51563000e-02 1.62907620e-01
 1.51563000e-02 1.39664664e-01
 1.75977000e-02 1.39751058e-01
 1.51563000e-02 1.22930240e-01
 1.75977000e-02 1.31254014e-01
 1.51563000e-02 1.26374014e-01
 1.51563000e-02 1.25197452e-01
 1.75977000e-02 1.20307452e-01
 1.75977000e-02 1.11810890e-01
 1.75977000e-02 1.00863846e-01
 1.75977000e-02 7.89802400e-02
 1.51563000e-02 5.10400720e-02
 1.75977000e-02 2.55399040e-02
 1.75977000e-02 2.97360000e-05
 1.75977000e-02 -2.90874760e-02
 7.83204000e-03 -5.33246880e-02
 -4.37500000e-03 -6.54478120e-02
 -6.81640000e-03 -7.51214180e-02
 -6.81640000e-03 -7.26814180e-02
 -1.41406000e-02 -7.02414180e-02
 -3.36719000e-02 -6.17448560e-02
 -5.56445000e-02 -4.34778120e-02
 -8.25000000e-02 -2.14108200e-03
 -1.02031000e-01 4.03626920e-02
 -1.36211000e-01 9.13635100e-02
 -1.67949000e-01 1.48430890e-01
 -2.07012000e-01 1.92942212e-01
 -2.53398000e-01 2.26410096e-01
 -3.21758000e-01 4.43344038e-01
 -4.02324000e-01 6.06568462e-01
 -4.95098000e-01 8.22325360e-01
 -5.97637000e-01 1.03825601e+00
 -7.00176000e-01 1.32137913e+00
 -8.17363000e-01 1.79862618e+00
 -9.39434000e-01 2.20742635e+00
 -1.04930000e+00 2.35517978e+00
 -1.14207000e+00 2.43104257e+00
 -1.19578000e+00 2.44685913e+00
 -1.23484000e+00 2.35038618e+00
 -1.25437000e+00 2.16004257e+00
 -1.27879000e+00 1.92702240e+00
 -1.29100000e+00 1.66714224e+00
 -1.29344000e+00 1.36820159e+00
 -1.29344000e+00 1.24504142e+00
 -1.29344000e+00 1.00714125e+00
 -1.29100000e+00 7.58380914e-01
 -1.29100000e+00 5.31417308e-01
 -1.26414000e+00 3.67750914e-01
 -1.22264000e+00 2.56627476e-01
 -1.18357000e+00 2.07711082e-01
 -1.12254000e+00 1.94237644e-01
 -1.02244000e+00 2.35651250e-01
 -8.90605000e-01 3.24631418e-01
 -7.41680000e-01 4.53935024e-01
 -5.92754000e-01 5.88128630e-01
 -4.41387000e-01 7.50435192e-01
 -2.99785000e-01 9.32282236e-01
 -1.65508000e-01 1.16042240e+00
 -4.34375000e-02 1.04928897e+00
 8.10742000e-02 8.94485192e-01
 1.95820000e-01 4.86117476e-01
 3.05684000e-01 -1.10476200e-02
 4.03340000e-01 -1.52107332e-01
 4.93672000e-01 -4.31377188e-01
 5.71797000e-01 -8.40047596e-01
 6.37715000e-01 -1.20894534e+00
 6.98750000e-01 -1.74689832e+00
 7.40254000e-01 -2.26174536e+00
 7.74434000e-01 -2.53991964e+00
 8.01289000e-01 -3.16903338e+00
 8.18379000e-01 -3.39360198e+00
 8.35469000e-01 -3.58042308e+00
 8.55000000e-01 -3.80674274e+00
 8.81855000e-01 -3.90683826e+00
 9.08711000e-01 -3.96435668e+00
 9.38008000e-01 -3.94900360e+00
 9.67305000e-01 -3.81248224e+00
 9.99043000e-01 -3.75534598e+00
 1.03322000e+00 -3.59407804e+00
 1.06984000e+00 -3.40268856e+00
 1.11623000e+00 -3.12263412e+00
 1.15285000e+00 -2.98554610e+00
 1.19191000e+00 -2.76951236e+00
 1.23586000e+00 -2.64993676e+00
 1.26027000e+00 -2.51812772e+00
 1.27980000e+00 -2.43730998e+00
 1.28469000e+00 -2.30528664e+00
 1.28469000e+00 -2.26074236e+00
 1.28469000e+00 -2.27326546e+00
 1.28225000e+00 -2.32144678e+00
 1.27492000e+00 -2.39651154e+00
 1.26760000e+00 -2.48343976e+00
 1.26271000e+00 -2.56612666e+00
 1.25295000e+00 -2.67488264e+00
 1.24318000e+00 -2.77740368e+00
 1.23342000e+00 -2.89513256e+00
 1.22854000e+00 -2.99821344e+00
 1.22609000e+00 -3.09876448e+00
 1.22365000e+00 -3.15807904e+00
 1.22365000e+00 -3.21394938e+00
 1.22121000e+00 -3.22801276e+00
 1.22609000e+00 -3.24334688e+00
 1.22854000e+00 -3.24843918e+00
 1.23098000e+00 -3.24158700e+00
 1.23098000e+00 -3.19293786e+00
 1.23098000e+00 -3.17231962e+00
 1.23098000e+00 -3.14960310e+00
 1.22854000e+00 -3.11839050e+00
 1.22854000e+00 -3.07894534e+00
 1.22609000e+00 -3.05750274e+00
 1.22365000e+00 -3.02908668e+00
 1.20900000e+00 -3.01631584e+00
 1.20168000e+00 -2.98157500e+00
 1.19436000e+00 -2.98925154e+00
 1.18215000e+00 -2.99068632e+00
 1.15773000e+00 -2.98354200e+00
 1.14064000e+00 -3.00325286e+00
 1.09914000e+00 -3.01898110e+00
 1.04787000e+00 -3.02260200e+00
 9.94160000e-01 -3.02595938e+00
 9.33125000e-01 -3.04052154e+00
 8.55000000e-01 -3.04378108e+00
 7.71992000e-01 -3.04495716e+00
 6.76777000e-01 -3.06270584e+00
 5.69355000e-01 -3.06378890e+00
 4.59492000e-01 -3.09011668e+00
 3.52070000e-01 -3.08379190e+00
 2.59297000e-01 -2.94983500e+00
 1.90938000e-01 -1.50412584e+00
 1.39668000e-01 -5.67621880e-01
 9.57227000e-02 3.37348720e-01
 9.32813000e-02 1.02035844e+00
 8.35156000e-02 2.02234284e+00
 8.35156000e-02 2.52880260e+00
 8.83984000e-02 2.72006269e+00
 9.81641000e-02 2.89451389e+00
 1.07930000e-01 2.68096981e+00
 1.10371000e-01 2.18986127e+00
 1.07930000e-01 1.61688731e+00
 1.07930000e-01 9.95698100e-01
 1.07930000e-01 2.63700000e-01
 1.07930000e-01 -4.83684620e-01
 1.07930000e-01 -1.12896880e+00
 1.07930000e-01 -1.57537130e+00
 1.07930000e-01 -1.87893084e+00
 1.07930000e-01 -2.20317850e+00
 1.07930000e-01 -2.04598950e+00
 1.07930000e-01 -1.79536000e+00
 1.07930000e-01 -1.72273524e+00
 1.07930000e-01 -1.77021348e+00
 1.07930000e-01 -1.53650312e+00
 1.15254000e-01 -1.13120450e+00
 1.25020000e-01 -7.22433360e-01
 1.29902000e-01 -6.51072520e-01
 1.32344000e-01 -1.19977500e-01
 1.32344000e-01 3.61824038e-01
 1.34785000e-01 7.88350962e-01
 1.37227000e-01 1.03661493e+00
 1.39668000e-01 1.25257757e+00
 1.39668000e-01 1.41248661e+00
 1.37227000e-01 1.21834365e+00
 1.37227000e-01 1.00682856e+00
 1.32344000e-01 7.05232644e-01
 1.27461000e-01 3.46104904e-01
 1.27461000e-01 -5.44365400e-03
 1.27461000e-01 -3.21711562e-01
 1.27461000e-01 -6.24517960e-01
 1.25020000e-01 -9.29589160e-01
 1.25020000e-01 -1.07828390e+00
 1.25020000e-01 -1.10940866e+00
 1.22578000e-01 -1.15038644e+00
 1.22578000e-01 -1.10652428e+00
 1.22578000e-01 -9.39206920e-01
 1.25020000e-01 -7.39247000e-01
 1.25020000e-01 -5.63604420e-01
 1.25020000e-01 -3.87878820e-01
 1.32344000e-01 -9.71015620e-02
 1.37227000e-01 1.52425360e-01
 1.37227000e-01 3.42542260e-01
 1.37227000e-01 4.30897188e-01
 1.34785000e-01 4.88881466e-01
 1.34785000e-01 4.63198510e-01
 1.34785000e-01 3.39390144e-01
 1.34785000e-01 1.86465048e-01
 1.27461000e-01 -4.50649760e-02
 1.25020000e-01 -2.64385000e-01
 1.22578000e-01 -4.98183200e-01
 1.17695000e-01 -6.84674020e-01
 1.10371000e-01 -8.10574400e-01
 1.07930000e-01 -8.73527000e-01
 1.07930000e-01 -9.09873480e-01
 1.07930000e-01 -8.71257860e-01
 1.07930000e-01 -7.99897020e-01
 1.07930000e-01 -6.43789260e-01
 1.07930000e-01 -4.83972760e-01
 1.07930000e-01 -3.88548942e-01
 1.05488000e-01 -2.33616298e-01
 1.03047000e-01 -1.45559380e-02
 1.03047000e-01 1.22023750e-01
 1.00605000e-01 2.69540000e-01
 9.81641000e-02 3.64965264e-01
 9.81641000e-02 4.26383798e-01
 9.32813000e-02 4.73248726e-01
 8.59570000e-02 4.35009712e-01
 8.10742000e-02 3.74973486e-01
 7.86328000e-02 2.96583822e-01
 6.64258000e-02 1.96311034e-01
 5.66602000e-02 9.84777640e-02
 4.44531000e-02 1.90841400e-03
 2.24805000e-02 -2.90874760e-02
 2.94922000e-03 -8.45033660e-02
 -9.25781000e-03 -1.09355336e-01
 -2.87891000e-02 6.21923800e-02
 -4.34375000e-02 2.76563220e-02
 -6.29687000e-02 9.82835340e-02
 -8.49414000e-02 1.50730096e-01
 -8.98242000e-02 2.16477308e-01
 -8.98242000e-02 2.20007476e-01
 -8.98242000e-02 2.62511250e-01
 -8.98242000e-02 2.48865024e-01
 -8.98242000e-02 2.59801586e-01
 -8.73828000e-02 3.03568798e-01
 -8.73828000e-02 2.69302404e-01
 -8.73828000e-02 2.48508966e-01
 -8.73828000e-02 2.28978966e-01
 -8.73828000e-02 1.93622404e-01
 -8.73828000e-02 1.85115360e-01
 -8.73828000e-02 1.74178798e-01
 -8.73828000e-02 1.70562236e-01
 -8.73828000e-02 1.85212236e-01
 -8.73828000e-02 2.01125192e-01
 -8.73828000e-02 2.30415192e-01
 -8.73828000e-02 2.64595192e-01
 -8.73828000e-02 3.01215192e-01
 -8.73828000e-02 3.36572236e-01
 -8.49414000e-02 3.63432236e-01
 -8.98242000e-02 3.86578798e-01
 -9.22656000e-02 3.96348798e-01
 -9.47070000e-02 3.95085360e-01
 -9.71484000e-02 3.96348798e-01
 -1.11797000e-01 3.81698798e-01
 -1.14238000e-01 3.42638798e-01
 -1.19121000e-01 3.19482236e-01
 -1.28887000e-01 2.96335192e-01
 -1.48418000e-01 2.51218630e-01
 -1.65508000e-01 2.29325024e-01
 -1.77715000e-01 2.23268462e-01
 -2.07012000e-01 2.36741418e-01
 -2.33867000e-01 2.70921418e-01
 -2.75371000e-01 3.01484856e-01
 -3.19316000e-01 3.78427812e-01
 -3.63262000e-01 4.68757812e-01
 -4.16973000e-01 5.71297812e-01
 -4.73125000e-01 7.01874856e-01
 -5.41484000e-01 8.65358462e-01
 -6.02520000e-01 1.07161502e+00
 -6.63555000e-01 1.38150224e+00
 -7.12383000e-01 1.80368897e+00
 -7.63652000e-01 1.96961257e+00
 -8.10039000e-01 2.06374240e+00
 -8.44219000e-01 2.13454240e+00
 -8.80840000e-01 2.13933601e+00
 -8.95488000e-01 2.07341601e+00
 -9.12578000e-01 1.96229257e+00
 -9.41875000e-01 1.81109536e+00
 -9.61406000e-01 1.65366880e+00
 -9.76055000e-01 1.54263224e+00
 -9.93145000e-01 1.38158863e+00
 -1.01512000e+00 1.22904159e+00
 -1.03221000e+00 1.09846502e+00
 -1.03465000e+00 9.92308462e-01
 -1.04197000e+00 9.00715024e-01
 -1.05662000e+00 8.54325024e-01
 -1.06639000e+00 8.20145024e-01
 -1.08348000e+00 8.21321586e-01
 -1.10057000e+00 8.49358630e-01
 -1.11521000e+00 9.14015192e-01
 -1.12498000e+00 9.76222236e-01
 -1.13719000e+00 1.05796880e+00
 -1.15916000e+00 1.13364880e+00
 -1.17625000e+00 1.20562536e+00
 -1.19090000e+00 1.26666536e+00
 -1.19578000e+00 1.32281536e+00
 -1.20311000e+00 1.35455536e+00
 -1.22020000e+00 1.37652536e+00
 -1.23973000e+00 1.37290880e+00
 -1.25437000e+00 1.36069880e+00
 -1.27146000e+00 1.33511224e+00
 -1.28611000e+00 1.29849224e+00
 -1.29100000e+00 1.26069519e+00
 -1.29344000e+00 1.21674519e+00
 -1.29588000e+00 1.17650863e+00
 -1.31785000e+00 1.15453863e+00
 -1.34715000e+00 1.13255863e+00
 -1.36668000e+00 1.12885519e+00
 -1.37889000e+00 1.13129519e+00
 -1.38865000e+00 1.15326519e+00
 -1.39354000e+00 1.18130224e+00
 -1.40574000e+00 1.22036224e+00
 -1.43016000e+00 1.26059880e+00
 -1.44725000e+00 1.30942880e+00
 -1.45457000e+00 1.34604880e+00
 -1.45457000e+00 1.38267880e+00
 -1.45457000e+00 1.39487880e+00
 -1.45457000e+00 1.41440880e+00
 -1.45457000e+00 1.40103224e+00
 -1.45457000e+00 1.38638224e+00
 -1.45457000e+00 1.34369519e+00
 -1.45457000e+00 1.28998519e+00
 -1.45457000e+00 1.22533863e+00
 -1.45457000e+00 1.16312159e+00
 -1.45457000e+00 1.08988159e+00
 -1.45457000e+00 1.03011502e+00
 -1.45457000e+00 9.56865024e-01
 -1.45457000e+00 9.00715024e-01
 -1.45457000e+00 8.49445024e-01
 -1.45457000e+00 8.23771586e-01
 -1.45457000e+00 7.94471586e-01
 -1.45457000e+00 8.05408630e-01
 -1.45457000e+00 8.15178630e-01
 -1.45457000e+00 8.48095192e-01
 -1.45457000e+00 8.98102236e-01
 -1.45457000e+00 9.70078798e-01
 -1.45457000e+00 1.02740536e+00
 -1.45457000e+00 1.10552536e+00
 -1.45457000e+00 1.17633536e+00
 -1.45457000e+00 1.25807240e+00
 -1.45457000e+00 1.31422240e+00
 -1.45457000e+00 1.37770240e+00
 -1.45213000e+00 1.42897240e+00
 -1.45213000e+00 1.47780240e+00
 -1.45213000e+00 1.50103536e+00
 -1.45213000e+00 1.52301536e+00
 -1.44969000e+00 1.51450880e+00
 -1.44480000e+00 1.50718880e+00
 -1.43504000e+00 1.47183224e+00
 -1.42039000e+00 1.42914519e+00
 -1.40574000e+00 1.37181863e+00
 -1.39354000e+00 1.31205159e+00
 -1.38865000e+00 1.24007502e+00
 -1.38865000e+00 1.17171502e+00
 -1.38865000e+00 1.10091502e+00
 -1.37889000e+00 1.03869846e+00
 -1.36668000e+00 9.75218462e-01
 -1.35691000e+00 9.26398462e-01
 -1.35203000e+00 8.84888462e-01
 -1.32273000e+00 8.56775024e-01
 -1.29588000e+00 8.29915024e-01
 -1.28123000e+00 8.28651586e-01
 -1.24217000e+00 8.38411586e-01
 -1.20311000e+00 8.66448630e-01
 -1.15916000e+00 9.01805192e-01
 -1.10789000e+00 9.40865192e-01
 -1.04686000e+00 9.83552236e-01
 -9.93145000e-01 1.04214224e+00
 -9.29668000e-01 1.08853224e+00
 -8.63750000e-01 1.14585880e+00
 -8.02715000e-01 1.18735880e+00
 -7.36797000e-01 1.23862880e+00
 -6.73320000e-01 1.26792880e+00
 -6.07402000e-01 1.29966880e+00
 -5.48809000e-01 1.31558224e+00
 -4.85332000e-01 1.33755224e+00
 -4.36504000e-01 1.35708224e+00
 -3.82793000e-01 1.37543519e+00
 -3.33965000e-01 1.26069519e+00
 -2.90020000e-01 9.03155024e-01
 -2.43633000e-01 7.46991418e-01
 -1.97246000e-01 4.93264688e-01
 -1.55742000e-01 2.38706490e-01
 -1.11797000e-01 -1.68450000e-02
 -7.76172000e-02 -2.99256490e-01
 -2.87891000e-02 -5.53727812e-01
 2.00391000e-02 -7.51218630e-01
 7.61914000e-02 -9.74382404e-01
 1.37227000e-01 -1.29107029e+00
 2.00703000e-01 -1.14758161e+00
 2.69063000e-01 -1.22052995e+00
 3.27656000e-01 -1.19197406e+00
 3.78926000e-01 -1.23408978e+00
 4.25313000e-01 -1.50023626e+00
 4.74141000e-01 -1.74667206e+00
 5.03438000e-01 -1.86009674e+00
 5.25410000e-01 -1.94230534e+00
 5.37617000e-01 -2.23609840e+00
 5.32734000e-01 -2.59315034e+00
 5.18086000e-01 -2.75865160e+00
 5.05879000e-01 -2.84664792e+00
 4.91230000e-01 -2.86925164e+00
 4.66816000e-01 -2.79478016e+00
 4.20430000e-01 -2.69947532e+00
 3.71602000e-01 -2.50081094e+00
 3.17891000e-01 -1.76296106e+00
 2.59297000e-01 -1.40500940e+00
 2.00703000e-01 -9.36593460e-01
 1.39668000e-01 -2.34531560e-01
 8.35156000e-02 5.51369880e-01
 3.22461000e-02 1.35291654e+00
 -1.16992000e-02 2.10075224e+00
 -6.05273000e-02 2.64823659e+00
 -9.47070000e-02 3.22369351e+00
 -1.19121000e-01 3.27272877e+00
 -1.50859000e-01 3.32111632e+00
 -1.70391000e-01 3.10641663e+00
 -1.85039000e-01 2.71046466e+00
 -2.07012000e-01 2.25706630e+00
 -2.26543000e-01 1.54100219e+00
 -2.33867000e-01 8.07837596e-01
 -2.48516000e-01 5.89294640e-01
 -2.41191000e-01 -3.37402880e-02
 -2.31426000e-01 -5.49560962e-01
 -2.24102000e-01 -7.86909808e-01
 -2.24102000e-01 -1.07787226e+00
 -2.09453000e-01 -1.27336505e+00
 -1.85039000e-01 -1.28897635e+00
 -1.65508000e-01 -1.23126125e+00
 -1.48418000e-01 -1.15989993e+00
 -1.28887000e-01 -1.00544221e+00
 -1.16680000e-01 -7.75304014e-01
 -1.14238000e-01 -5.03569904e-01
 -1.06914000e-01 -2.41508918e-01
 -1.02031000e-01 1.21314180e-02
 -9.71484000e-02 2.70662236e-01
 -9.47070000e-02 4.79262404e-01
 -9.22656000e-02 6.61022572e-01
 -8.73828000e-02 7.51266178e-01
 -8.73828000e-02 7.56146178e-01
 -8.49414000e-02 6.81729134e-01
 -8.00586000e-02 5.46358966e-01
 -8.00586000e-02 3.70838630e-01
 -8.00586000e-02 1.74707644e-01
 -7.76172000e-02 -2.13464660e-02
 -8.00586000e-02 -1.79507620e-01
 -8.73828000e-02 -3.14608606e-01
 -8.73828000e-02 -4.09645336e-01
 -8.73828000e-02 -4.53595336e-01
 -8.73828000e-02 -4.09915000e-01
 -8.73828000e-02 -3.33404014e-01
 -8.73828000e-02 -2.06800072e-01
 -8.73828000e-02 -3.13761300e-02
 -8.73828000e-02 1.45321250e-01
 -8.73828000e-02 3.09895024e-01
 -9.22656000e-02 4.85502236e-01
 -9.47070000e-02 6.52602404e-01
 -9.47070000e-02 7.87972572e-01
 -1.02031000e-01 8.87986178e-01
 -1.09355000e-01 9.67282740e-01
 -9.95898000e-02 9.83109784e-01
 -9.22656000e-02 9.61139784e-01
 -8.73828000e-02 8.50092740e-01
 -8.49414000e-02 6.81816010e-01
 -7.02930000e-02 5.12448630e-01
 -5.56445000e-02 3.02834688e-01
 -2.63477000e-02 6.41035340e-02
 -6.81640000e-03 -1.91544832e-01
 1.75977000e-02 -4.71506322e-01
 5.17773000e-02 -7.44806010e-01
 8.35156000e-02 -7.82991106e-01
 1.12813000e-01 -8.98561610e-01
 1.46992000e-01 -1.01822409e+00
 1.88496000e-01 -1.01460752e+00
 2.25117000e-01 -1.17220736e+00
 2.73945000e-01 -1.41253608e+00
 3.15449000e-01 -1.17406411e+00
 3.59395000e-01 -1.30709219e+00
 3.96016000e-01 -1.45192788e+00
 4.30195000e-01 -1.48985772e+00
 4.74141000e-01 -1.61172012e+00
 5.03438000e-01 -1.69211692e+00
 5.30293000e-01 -1.76075810e+00
 5.59590000e-01 -2.00961490e+00
 5.84004000e-01 -2.46155908e+00
 6.08418000e-01 -2.59852182e+00
 6.30391000e-01 -2.75922892e+00
 6.59688000e-01 -2.89429254e+00
 6.86543000e-01 -2.98140610e+00
 7.08516000e-01 -3.08099418e+00
 7.28047000e-01 -3.12177414e+00
 7.40254000e-01 -3.13775412e+00
 7.47578000e-01 -3.16402932e+00
 7.67109000e-01 -3.14696976e+00
 7.81758000e-01 -3.13676538e+00
 7.89082000e-01 -3.10485452e+00
 8.01289000e-01 -3.06876192e+00
 8.03730000e-01 -3.03275716e+00
 8.13496000e-01 -2.98851502e+00
 8.15938000e-01 -2.93711856e+00
 8.15938000e-01 -2.91240642e+00
 8.15938000e-01 -2.89628820e+00
 8.15938000e-01 -2.89934344e+00
 8.11055000e-01 -2.91904430e+00
